#title: Spectral profile - J0243-0550_SPW3.image-raster
#region (world): Point[[02:43:12.469, -05d50m55.296]]
#region (pixel): Point[[64, 64]]
#coordinate: world
#xLabel: frequency [GHz]
#yLabel: [Jy/beam] Mean

# J0243-0550_SPW3.image-raster
9.858514404297e+01 1.860457360744e-01
9.858905029297e+01 1.832476258278e-01
9.859295654297e+01 1.870263069868e-01
9.859686279297e+01 1.850457787514e-01
9.860076904297e+01 1.859793961048e-01
9.860467529297e+01 1.839745342731e-01
9.860858154297e+01 1.879426687956e-01
9.861248779297e+01 1.860947012901e-01
9.861639404297e+01 1.866824477911e-01
9.862030029297e+01 1.876214146614e-01
9.862420654297e+01 1.855873316526e-01
9.862811279297e+01 1.860663741827e-01
9.863201904297e+01 1.857793331146e-01
9.863592529297e+01 1.866398155689e-01
9.863983154297e+01 1.863392591476e-01
9.864373779297e+01 1.842954158783e-01
9.864764404297e+01 1.866465657949e-01
9.865155029297e+01 1.882184296846e-01
9.865545654297e+01 1.866897940636e-01
9.865936279297e+01 1.881072670221e-01
9.866326141357e+01 1.856964677572e-01
9.866716766357e+01 1.844721436501e-01
9.867107391357e+01 1.872410029173e-01
9.867498016357e+01 1.873464882374e-01
9.867888641357e+01 1.850720345974e-01
9.868279266357e+01 1.853429526091e-01
9.868669891357e+01 1.847448498011e-01
9.869060516357e+01 1.858493834734e-01
9.869451141357e+01 1.874110102654e-01
9.869841766357e+01 1.841104775667e-01
9.870232391357e+01 1.856462508440e-01
9.870623016357e+01 1.845957040787e-01
9.871013641357e+01 1.852027326822e-01
9.871404266357e+01 1.847829967737e-01
9.871794891357e+01 1.840922087431e-01
9.872185516357e+01 1.868900656700e-01
9.872576141357e+01 1.871772706509e-01
9.872966766357e+01 1.859334856272e-01
9.873357391357e+01 1.860566735268e-01
9.873748016357e+01 1.859080940485e-01
9.874138641357e+01 1.863056123257e-01
9.874529266357e+01 1.865853071213e-01
9.874919891357e+01 1.865820139647e-01
9.875310516357e+01 1.867480576038e-01
9.875701141357e+01 1.841935366392e-01
9.876091766357e+01 1.839615851641e-01
9.876482391357e+01 1.858292818069e-01
9.876873016357e+01 1.872542202473e-01
9.877263641357e+01 1.846761107445e-01
9.877654266357e+01 1.859886795282e-01
9.878044891357e+01 1.874868869781e-01
9.878435516357e+01 1.847328692675e-01
9.878826141357e+01 1.859502941370e-01
9.879216766357e+01 1.838503032923e-01
9.879607391357e+01 1.856993287802e-01
9.879998016357e+01 1.866796761751e-01
9.880388641357e+01 1.866406500340e-01
9.880779266357e+01 1.859547644854e-01
9.881169128418e+01 1.851702183485e-01
9.881559753418e+01 1.849764585495e-01
9.881950378418e+01 1.818654686213e-01
9.882341003418e+01 1.857941448689e-01
9.882731628418e+01 1.831359565258e-01
9.883122253418e+01 1.851768642664e-01
9.883512878418e+01 1.857758611441e-01
9.883903503418e+01 1.859659254551e-01
9.884294128418e+01 1.874399334192e-01
9.884684753418e+01 1.842780411243e-01
9.885075378418e+01 1.866599619389e-01
9.885466003418e+01 1.848299801350e-01
9.885856628418e+01 1.849622279406e-01
9.886247253418e+01 1.851074397564e-01
9.886637878418e+01 1.873489916325e-01
9.887028503418e+01 1.838720887899e-01
9.887419128418e+01 1.845513731241e-01
9.887809753418e+01 1.859603226185e-01
9.888200378418e+01 1.864593774080e-01
9.888591003418e+01 1.853697896004e-01
9.888981628418e+01 1.850308477879e-01
9.889372253418e+01 1.861594021320e-01
9.889762878418e+01 1.860576570034e-01
9.890153503418e+01 1.848851442337e-01
9.890544128418e+01 1.861356049776e-01
9.890934753418e+01 1.859300732613e-01
9.891325378418e+01 1.857683509588e-01
9.891716003418e+01 1.852748692036e-01
9.892106628418e+01 1.858361214399e-01
9.892497253418e+01 1.849706470966e-01
9.892887878418e+01 1.860485374928e-01
9.893278503418e+01 1.859057098627e-01
9.893669128418e+01 1.853236258030e-01
9.894059753418e+01 1.830792725086e-01
9.894450378418e+01 1.848005503416e-01
9.894841003418e+01 1.862403899431e-01
9.895231628418e+01 1.849417984486e-01
9.895621490479e+01 1.842723935843e-01
9.896012115479e+01 1.853561252356e-01
9.896402740479e+01 1.845731735229e-01
9.896793365479e+01 1.856830716133e-01
9.897183990479e+01 1.849251240492e-01
9.897574615479e+01 1.855774819851e-01
9.897965240479e+01 1.864092797041e-01
9.898355865479e+01 1.841268539429e-01
9.898746490479e+01 1.860076189041e-01
9.899137115479e+01 1.853940933943e-01
9.899527740479e+01 1.870845109224e-01
9.899918365479e+01 1.854234039783e-01
9.900308990479e+01 1.881897896528e-01
9.900699615479e+01 1.859333664179e-01
9.901090240479e+01 1.851488947868e-01
9.901480865479e+01 1.852927356958e-01
9.901871490479e+01 1.854729056358e-01
9.902262115479e+01 1.853844821453e-01
9.902652740479e+01 1.851292252541e-01
9.903043365479e+01 1.856742203236e-01
9.903433990479e+01 1.877571791410e-01
9.903824615479e+01 1.867014616728e-01
9.904215240479e+01 1.838456988335e-01
9.904605865479e+01 1.863409727812e-01
9.904996490479e+01 1.853714138269e-01
9.905387115479e+01 1.869682222605e-01
9.905777740479e+01 1.847618967295e-01
9.906168365479e+01 1.847250759602e-01
9.906558990479e+01 1.848969012499e-01
9.906949615479e+01 1.859394311905e-01
9.907340240479e+01 1.871136724949e-01
9.907730865479e+01 1.826945692301e-01
9.908121490479e+01 1.857176721096e-01
9.908512115479e+01 1.849679946899e-01
9.908902740479e+01 1.856770515442e-01
9.909293365479e+01 1.836259812117e-01
9.909683990479e+01 1.846244484186e-01
9.910074615479e+01 1.860599666834e-01
9.910464477539e+01 1.844947040081e-01
9.910855102539e+01 1.855409294367e-01
9.911245727539e+01 1.835119426250e-01
9.911636352539e+01 1.816232353449e-01
9.912026977539e+01 1.853384673595e-01
9.912417602539e+01 1.865978986025e-01
9.912808227539e+01 1.858859509230e-01
9.913198852539e+01 1.835082024336e-01
9.913589477539e+01 1.861702203751e-01
9.913980102539e+01 1.862723380327e-01
9.914370727539e+01 1.840191632509e-01
9.914761352539e+01 1.831644624472e-01
9.915151977539e+01 1.853698641062e-01
9.915542602539e+01 1.864251792431e-01
9.915933227539e+01 1.841236799955e-01
9.916323852539e+01 1.863886266947e-01
9.916714477539e+01 1.846586912870e-01
9.917105102539e+01 1.844268143177e-01
9.917495727539e+01 1.853731125593e-01
9.917886352539e+01 1.851062476635e-01
9.918276977539e+01 1.851089894772e-01
9.918667602539e+01 1.850151717663e-01
9.919058227539e+01 1.845715343952e-01
9.919448852539e+01 1.860826164484e-01
9.919839477539e+01 1.862997114658e-01
9.920230102539e+01 1.841439306736e-01
9.920620727539e+01 1.868877708912e-01
9.921011352539e+01 1.840852946043e-01
9.921401977539e+01 1.852220445871e-01
9.921792602539e+01 1.867096722126e-01
9.922183227539e+01 1.850098818541e-01
9.922573852539e+01 1.840499341488e-01
9.922964477539e+01 1.880392283201e-01
9.923355102539e+01 1.851821839809e-01
9.923745727539e+01 1.823756545782e-01
9.924136352539e+01 1.855792701244e-01
9.924526977539e+01 1.805293560028e-01
9.924916839600e+01 1.841248273849e-01
9.925307464600e+01 1.861887425184e-01
9.925698089600e+01 1.836933344603e-01
9.926088714600e+01 1.861224770546e-01
9.926479339600e+01 1.855691522360e-01
9.926869964600e+01 1.838955730200e-01
9.927260589600e+01 1.835398375988e-01
9.927651214600e+01 1.840127259493e-01
9.928041839600e+01 1.875505298376e-01
9.928432464600e+01 1.853427886963e-01
9.928823089600e+01 1.860494464636e-01
9.929213714600e+01 1.850236654282e-01
9.929604339600e+01 1.831492185593e-01
9.929994964600e+01 1.861075460911e-01
9.930385589600e+01 1.861911863089e-01
9.930776214600e+01 1.843684166670e-01
9.931166839600e+01 1.850227713585e-01
9.931557464600e+01 1.853449344635e-01
9.931948089600e+01 1.852348744869e-01
9.932338714600e+01 1.855724453926e-01
9.932729339600e+01 1.850218325853e-01
9.933119964600e+01 1.849771738052e-01
9.933510589600e+01 1.856452673674e-01
9.933901214600e+01 1.862526088953e-01
9.934291839600e+01 1.858015209436e-01
9.934682464600e+01 1.861369013786e-01
9.935073089600e+01 1.851377785206e-01
9.935463714600e+01 1.864113360643e-01
9.935854339600e+01 1.827474683523e-01
9.936244964600e+01 1.835524439812e-01
9.936635589600e+01 1.866165995598e-01
9.937026214600e+01 1.855819672346e-01
9.937416839600e+01 1.845287531614e-01
9.937807464600e+01 1.849189102650e-01
9.938198089600e+01 1.844707280397e-01
9.938588714600e+01 1.815641075373e-01
9.938979339600e+01 1.863547712564e-01
9.939369964600e+01 1.847621053457e-01
9.939759826660e+01 1.844434440136e-01
9.940150451660e+01 1.860337704420e-01
9.940541076660e+01 1.844930052757e-01
9.940931701660e+01 1.864724457264e-01
9.941322326660e+01 1.851931661367e-01
9.941712951660e+01 1.852718293667e-01
9.942103576660e+01 1.870797872543e-01
9.942494201660e+01 1.847553998232e-01
9.942884826660e+01 1.847718805075e-01
9.943275451660e+01 1.847793012857e-01
9.943666076660e+01 1.866585910320e-01
9.944056701660e+01 1.853522211313e-01
9.944447326660e+01 1.851524561644e-01
9.944837951660e+01 1.853111386299e-01
9.945228576660e+01 1.853131055832e-01
9.945619201660e+01 1.874108463526e-01
9.946009826660e+01 1.851761788130e-01
9.946400451660e+01 1.830253303051e-01
9.946791076660e+01 1.861034184694e-01
9.947181701660e+01 1.872133761644e-01
9.947572326660e+01 1.837066411972e-01
9.947962951660e+01 1.881652325392e-01
9.948353576660e+01 1.854757666588e-01
9.948744201660e+01 1.824491322041e-01
9.949134826660e+01 1.856419891119e-01
9.949525451660e+01 1.830983757973e-01
9.949916076660e+01 1.839149147272e-01
9.950306701660e+01 1.876700222492e-01
9.950697326660e+01 1.849780082703e-01
9.951087951660e+01 1.846816241741e-01
9.951478576660e+01 1.851423829794e-01
9.951869201660e+01 1.851659268141e-01
9.952259826660e+01 1.839007288218e-01
9.952650451660e+01 1.859334111214e-01
9.953041076660e+01 1.854862421751e-01
9.953431701660e+01 1.859135925770e-01
9.953822326660e+01 1.883617639542e-01
9.954212188721e+01 1.833741664886e-01
9.954602813721e+01 1.863390207291e-01
9.954993438721e+01 1.867032200098e-01
9.955384063721e+01 1.835883110762e-01
9.955774688721e+01 1.837254017591e-01
9.956165313721e+01 1.846552491188e-01
9.956555938721e+01 1.846479624510e-01
9.956946563721e+01 1.865947097540e-01
9.957337188721e+01 1.849640905857e-01
9.957727813721e+01 1.869157999754e-01
9.958118438721e+01 1.849770694971e-01
9.958509063721e+01 1.870777606964e-01
9.958899688721e+01 1.848171353340e-01
9.959290313721e+01 1.863822788000e-01
9.959680938721e+01 1.871972382069e-01
9.960071563721e+01 1.859109103680e-01
9.960462188721e+01 1.872584968805e-01
9.960852813721e+01 1.837207674980e-01
9.961243438721e+01 1.835848242044e-01
9.961634063721e+01 1.863929778337e-01
9.962024688721e+01 1.866873204708e-01
9.962415313721e+01 1.856422722340e-01
9.962805938721e+01 1.853096187115e-01
9.963196563721e+01 1.862897425890e-01
9.963587188721e+01 1.834630668163e-01
9.963977813721e+01 1.828261017799e-01
9.964368438721e+01 1.881551891565e-01
9.964759063721e+01 1.873734295368e-01
9.965149688721e+01 1.851657778025e-01
9.965540313721e+01 1.865284144878e-01
9.965930938721e+01 1.867672055960e-01
9.966321563721e+01 1.854064911604e-01
9.966712188721e+01 1.840515434742e-01
9.967102813721e+01 1.833414286375e-01
9.967493438721e+01 1.836961954832e-01
9.967884063721e+01 1.853897720575e-01
9.968274688721e+01 1.845784038305e-01
9.968665313721e+01 1.870755255222e-01
9.969055175781e+01 1.859582960606e-01
9.969445800781e+01 1.852564066648e-01
9.969836425781e+01 1.857775151730e-01
9.970227050781e+01 1.874395161867e-01
9.970617675781e+01 1.855271458626e-01
9.971008300781e+01 1.841897815466e-01
9.971398925781e+01 1.840953379869e-01
9.971789550781e+01 1.834356188774e-01
9.972180175781e+01 1.857372224331e-01
9.972570800781e+01 1.866624057293e-01
9.972961425781e+01 1.860042512417e-01
9.973352050781e+01 1.856172680855e-01
9.973742675781e+01 1.841836720705e-01
9.974133300781e+01 1.852024793625e-01
9.974523925781e+01 1.852248162031e-01
9.974914550781e+01 1.833217442036e-01
9.975305175781e+01 1.848934739828e-01
9.975695800781e+01 1.839700341225e-01
9.976086425781e+01 1.866331845522e-01
9.976477050781e+01 1.850011348724e-01
9.976867675781e+01 1.867432743311e-01
9.977258300781e+01 1.846351772547e-01
9.977648925781e+01 1.845238208771e-01
9.978039550781e+01 1.837635040283e-01
9.978430175781e+01 1.850231140852e-01
9.978820800781e+01 1.860407590866e-01
9.979211425781e+01 1.864777654409e-01
9.979602050781e+01 1.830474883318e-01
9.979992675781e+01 1.834446042776e-01
9.980383300781e+01 1.863431483507e-01
9.980773925781e+01 1.855927109718e-01
9.981164550781e+01 1.839229762554e-01
9.981555175781e+01 1.863595694304e-01
9.981945800781e+01 1.861315071583e-01
9.982336425781e+01 1.857270747423e-01
9.982727050781e+01 1.857296377420e-01
9.983117675781e+01 1.854415386915e-01
9.983508300781e+01 1.833922117949e-01
9.983898162842e+01 1.861540824175e-01
9.984288787842e+01 1.853206753731e-01
9.984679412842e+01 1.854862421751e-01
9.985070037842e+01 1.840353757143e-01
9.985460662842e+01 1.870822310448e-01
9.985851287842e+01 1.865638643503e-01
9.986241912842e+01 1.844837367535e-01
9.986632537842e+01 1.841470748186e-01
9.987023162842e+01 1.858721226454e-01
9.987413787842e+01 1.843246668577e-01
9.987804412842e+01 1.848029345274e-01
9.988195037842e+01 1.843417435884e-01
9.988585662842e+01 1.855234652758e-01
9.988976287842e+01 1.852520406246e-01
9.989366912842e+01 1.874550133944e-01
9.989757537842e+01 1.840757727623e-01
9.990148162842e+01 1.851643621922e-01
9.990538787842e+01 1.851189285517e-01
9.990929412842e+01 1.830396950245e-01
9.991320037842e+01 1.841123551130e-01
9.991710662842e+01 1.861778348684e-01
9.992101287842e+01 1.856510192156e-01
9.992491912842e+01 1.872349679470e-01
9.992882537842e+01 1.839012652636e-01
9.993273162842e+01 1.841999739408e-01
9.993663787842e+01 1.857870370150e-01
9.994054412842e+01 1.854077577591e-01
9.994445037842e+01 1.848476529121e-01
9.994835662842e+01 1.827740520239e-01
9.995226287842e+01 1.869278848171e-01
9.995616912842e+01 1.836361289024e-01
9.996007537842e+01 1.838831156492e-01
9.996398162842e+01 1.845280379057e-01
9.996788787842e+01 1.861219555140e-01
9.997179412842e+01 1.834945827723e-01
9.997570037842e+01 1.883199661970e-01
9.997960662842e+01 1.856896728277e-01
9.998350524902e+01 1.837804466486e-01
9.998741149902e+01 1.859131604433e-01
9.999131774902e+01 1.861950010061e-01
9.999522399902e+01 1.853513866663e-01
9.999913024902e+01 1.822887063026e-01
1.000030364990e+02 1.864502876997e-01
1.000069427490e+02 1.843871921301e-01
1.000108489990e+02 1.812124699354e-01
1.000147552490e+02 1.840350180864e-01
1.000186614990e+02 1.825568079948e-01
1.000225677490e+02 1.861176937819e-01
1.000264739990e+02 1.868509650230e-01
1.000303802490e+02 1.843718588352e-01
1.000342864990e+02 1.841282397509e-01
1.000381927490e+02 1.865366250277e-01
1.000420989990e+02 1.818348020315e-01
1.000460052490e+02 1.832294464111e-01
1.000499114990e+02 1.862885355949e-01
1.000538177490e+02 1.839244514704e-01
1.000577239990e+02 1.833306998014e-01
1.000616302490e+02 1.839180290699e-01
1.000655364990e+02 1.862165778875e-01
1.000694427490e+02 1.823115497828e-01
1.000733489990e+02 1.857288777828e-01
1.000772552490e+02 1.826670616865e-01
1.000811614990e+02 1.826873123646e-01
1.000850677490e+02 1.845433413982e-01
1.000889739990e+02 1.859734058380e-01
1.000928802490e+02 1.846358925104e-01
1.000967864990e+02 1.861101835966e-01
1.001006927490e+02 1.856469511986e-01
1.001045989990e+02 1.870221197605e-01
1.001085052490e+02 1.824051886797e-01
1.001124114990e+02 1.852143555880e-01
1.001163177490e+02 1.870189309120e-01
1.001202239990e+02 1.840706318617e-01
1.001241302490e+02 1.821255534887e-01
1.001280364990e+02 1.825052201748e-01
1.001319351196e+02 1.856770515442e-01
1.001358413696e+02 1.843068152666e-01
1.001397476196e+02 1.846270412207e-01
1.001436538696e+02 1.838466376066e-01
1.001475601196e+02 1.832091659307e-01
1.001514663696e+02 1.844156533480e-01
1.001553726196e+02 1.861829310656e-01
1.001592788696e+02 1.860654056072e-01
1.001631851196e+02 1.856755167246e-01
1.001670913696e+02 1.838795989752e-01
1.001709976196e+02 1.834150254726e-01
1.001749038696e+02 1.831885278225e-01
1.001788101196e+02 1.831554770470e-01
1.001827163696e+02 1.853973120451e-01
1.001866226196e+02 1.837854236364e-01
1.001905288696e+02 1.842048466206e-01
1.001944351196e+02 1.837347447872e-01
1.001983413696e+02 1.846128702164e-01
1.002022476196e+02 1.833404749632e-01
1.002061538696e+02 1.851102858782e-01
1.002100601196e+02 1.843308955431e-01
1.002139663696e+02 1.852537840605e-01
1.002178726196e+02 1.847502887249e-01
1.002217788696e+02 1.854645162821e-01
1.002256851196e+02 1.820052266121e-01
1.002295913696e+02 1.871739923954e-01
1.002334976196e+02 1.848355531693e-01
1.002374038696e+02 1.840423643589e-01
1.002413101196e+02 1.852030307055e-01
1.002452163696e+02 1.848305314779e-01
1.002491226196e+02 1.858651041985e-01
1.002530288696e+02 1.855635344982e-01
1.002569351196e+02 1.841028332710e-01
1.002608413696e+02 1.838936060667e-01
1.002647476196e+02 1.846394836903e-01
1.002686538696e+02 1.862170249224e-01
1.002725601196e+02 1.857061237097e-01
1.002764587402e+02 1.844968944788e-01
1.002803649902e+02 1.841144859791e-01
1.002842712402e+02 1.850017160177e-01
1.002881774902e+02 1.821016222239e-01
1.002920837402e+02 1.839778423309e-01
1.002959899902e+02 1.839944869280e-01
1.002998962402e+02 1.832030713558e-01
1.003038024902e+02 1.845379620790e-01
1.003077087402e+02 1.861929446459e-01
1.003116149902e+02 1.853283643723e-01
1.003155212402e+02 1.842061877251e-01
1.003194274902e+02 1.855077296495e-01
1.003233337402e+02 1.847708821297e-01
1.003272399902e+02 1.838933825493e-01
1.003311462402e+02 1.851266175508e-01
1.003350524902e+02 1.834831684828e-01
1.003389587402e+02 1.819351762533e-01
1.003428649902e+02 1.864394247532e-01
1.003467712402e+02 1.834150701761e-01
1.003506774902e+02 1.872027069330e-01
1.003545837402e+02 1.871609687805e-01
1.003584899902e+02 1.862828880548e-01
1.003623962402e+02 1.838647574186e-01
1.003663024902e+02 1.858955472708e-01
1.003702087402e+02 1.867784410715e-01
1.003741149902e+02 1.845234036446e-01
1.003780212402e+02 1.812269538641e-01
1.003819274902e+02 1.861985474825e-01
1.003858337402e+02 1.853884756565e-01
1.003897399902e+02 1.816473156214e-01
1.003936462402e+02 1.830902248621e-01
1.003975524902e+02 1.842143237591e-01
1.004014587402e+02 1.849532276392e-01
1.004053649902e+02 1.851172596216e-01
1.004092712402e+02 1.849058121443e-01
1.004131774902e+02 1.863824576139e-01
1.004170837402e+02 1.847139745951e-01
1.004209899902e+02 1.849640011787e-01
1.004248886108e+02 1.884675472975e-01
1.004287948608e+02 1.864981651306e-01
1.004327011108e+02 1.887476742268e-01
1.004366073608e+02 1.862860769033e-01
1.004405136108e+02 1.872293353081e-01
1.004444198608e+02 1.854173839092e-01
1.004483261108e+02 1.826305836439e-01
