#title: Spectral profile - J0243-0550_SPW0.image-raster
#region (world): Point[[02:43:12.469, -05d50m55.296]]
#region (pixel): Point[[64, 64]]
#coordinate: world
#xLabel: frequency [GHz]
#yLabel: [Jy/beam] Mean

# J0243-0550_SPW0.image-raster
1.300736083984e+02 1.572702676058e-01
1.300697021484e+02 1.539811342955e-01
1.300657958984e+02 1.551509052515e-01
1.300618896484e+02 1.581362783909e-01
1.300579833984e+02 1.565870493650e-01
1.300540771484e+02 1.543088406324e-01
1.300501708984e+02 1.597099602222e-01
1.300462646484e+02 1.582520753145e-01
1.300423583984e+02 1.571805775166e-01
1.300384521484e+02 1.548857241869e-01
1.300345458984e+02 1.568413376808e-01
1.300306396484e+02 1.524223089218e-01
1.300267333984e+02 1.524106264114e-01
1.300228271484e+02 1.578953713179e-01
1.300189208984e+02 1.588289588690e-01
1.300150146484e+02 1.565313190222e-01
1.300111083984e+02 1.556137949228e-01
1.300072021484e+02 1.581094563007e-01
1.300032958984e+02 1.564013957977e-01
1.299993896484e+02 1.585834771395e-01
1.299954833984e+02 1.562252789736e-01
1.299915771484e+02 1.573315262794e-01
1.299876708984e+02 1.529365777969e-01
1.299837646484e+02 1.597072184086e-01
1.299798583984e+02 1.557546854019e-01
1.299759521484e+02 1.570073962212e-01
1.299720458984e+02 1.566371023655e-01
1.299681396484e+02 1.541146188974e-01
1.299642333984e+02 1.569483280182e-01
1.299603271484e+02 1.581599414349e-01
1.299564208984e+02 1.579971462488e-01
1.299525146484e+02 1.582492440939e-01
1.299486083984e+02 1.582452803850e-01
1.299447021484e+02 1.551097780466e-01
1.299407958984e+02 1.570755541325e-01
1.299368896484e+02 1.571725755930e-01
1.299329833984e+02 1.590697914362e-01
1.299290771484e+02 1.574733853340e-01
1.299251708984e+02 1.552862077951e-01
1.299212646484e+02 1.616982519627e-01
1.299173583984e+02 1.579092144966e-01
1.299134521484e+02 1.591698676348e-01
1.299095458984e+02 1.589304804802e-01
1.299056396484e+02 1.557587981224e-01
1.299017333984e+02 1.567456722260e-01
1.298978271484e+02 1.568424999714e-01
1.298939208984e+02 1.553321182728e-01
1.298900146484e+02 1.568324416876e-01
1.298861083984e+02 1.595439016819e-01
1.298822021484e+02 1.564861834049e-01
1.298782958984e+02 1.563657969236e-01
1.298743896484e+02 1.567825078964e-01
1.298704833984e+02 1.576539874077e-01
1.298665771484e+02 1.598276048899e-01
1.298626861572e+02 1.574488133192e-01
1.298587799072e+02 1.573503166437e-01
1.298548736572e+02 1.543805003166e-01
1.298509674072e+02 1.587098538876e-01
1.298470611572e+02 1.558909565210e-01
1.298431549072e+02 1.575152128935e-01
1.298392486572e+02 1.565975546837e-01
1.298353424072e+02 1.576170623302e-01
1.298314361572e+02 1.551456451416e-01
1.298275299072e+02 1.571201086044e-01
1.298236236572e+02 1.547708213329e-01
1.298197174072e+02 1.599067449570e-01
1.298158111572e+02 1.567799150944e-01
1.298119049072e+02 1.568163782358e-01
1.298079986572e+02 1.566287130117e-01
1.298040924072e+02 1.552414149046e-01
1.298001861572e+02 1.568948924541e-01
1.297962799072e+02 1.570636630058e-01
1.297923736572e+02 1.549433618784e-01
1.297884674072e+02 1.599069833755e-01
1.297845611572e+02 1.561470478773e-01
1.297806549072e+02 1.554472446442e-01
1.297767486572e+02 1.555808782578e-01
1.297728424072e+02 1.581016629934e-01
1.297689361572e+02 1.578187048435e-01
1.297650299072e+02 1.546154320240e-01
1.297611236572e+02 1.574650257826e-01
1.297572174072e+02 1.589083969593e-01
1.297533111572e+02 1.578588783741e-01
1.297494049072e+02 1.594394743443e-01
1.297454986572e+02 1.584869027138e-01
1.297415924072e+02 1.554420143366e-01
1.297376861572e+02 1.585994809866e-01
1.297337799072e+02 1.567644774914e-01
1.297298736572e+02 1.582570672035e-01
1.297259674072e+02 1.596349477768e-01
1.297220611572e+02 1.570437997580e-01
1.297181549072e+02 1.603888273239e-01
1.297142486572e+02 1.590055972338e-01
1.297103424072e+02 1.562333405018e-01
1.297064361572e+02 1.578444689512e-01
1.297025299072e+02 1.569914668798e-01
1.296986236572e+02 1.551543027163e-01
1.296947174072e+02 1.576521694660e-01
1.296908111572e+02 1.573341786861e-01
1.296869049072e+02 1.578449159861e-01
1.296829986572e+02 1.564920246601e-01
1.296790924072e+02 1.572688966990e-01
1.296751861572e+02 1.571662724018e-01
1.296712799072e+02 1.569098681211e-01
1.296673736572e+02 1.586989760399e-01
1.296634674072e+02 1.589482426643e-01
1.296595611572e+02 1.593454033136e-01
1.296556549072e+02 1.621453613043e-01
1.296517486572e+02 1.601105481386e-01
1.296478424072e+02 1.558048725128e-01
1.296439361572e+02 1.556324958801e-01
1.296400299072e+02 1.574429273605e-01
1.296361236572e+02 1.580093055964e-01
1.296322174072e+02 1.578608900309e-01
1.296283111572e+02 1.569421291351e-01
1.296244049072e+02 1.598516404629e-01
1.296204986572e+02 1.599140763283e-01
1.296165924072e+02 1.576745361090e-01
1.296126861572e+02 1.575901955366e-01
1.296087799072e+02 1.564307212830e-01
1.296048736572e+02 1.597120463848e-01
1.296009674072e+02 1.585325896740e-01
1.295970611572e+02 1.564913094044e-01
1.295931549072e+02 1.617474257946e-01
1.295892486572e+02 1.562917083502e-01
1.295853424072e+02 1.565656810999e-01
1.295814361572e+02 1.578951925039e-01
1.295775299072e+02 1.570350229740e-01
1.295736236572e+02 1.571519970894e-01
1.295697174072e+02 1.601645499468e-01
1.295658264160e+02 1.563562005758e-01
1.295619201660e+02 1.568644046783e-01
1.295580139160e+02 1.573095321655e-01
1.295541076660e+02 1.559358388186e-01
1.295502014160e+02 1.572128236294e-01
1.295462951660e+02 1.576263755560e-01
1.295423889160e+02 1.582455188036e-01
1.295384826660e+02 1.562782824039e-01
1.295345764160e+02 1.559629887342e-01
1.295306701660e+02 1.575725674629e-01
1.295267639160e+02 1.564920842648e-01
1.295228576660e+02 1.578129976988e-01
1.295189514160e+02 1.588079482317e-01
1.295150451660e+02 1.586284786463e-01
1.295111389160e+02 1.602651923895e-01
1.295072326660e+02 1.558398157358e-01
1.295033264160e+02 1.544866561890e-01
1.294994201660e+02 1.585407257080e-01
1.294955139160e+02 1.586043238640e-01
1.294916076660e+02 1.564644128084e-01
1.294877014160e+02 1.599745601416e-01
1.294837951660e+02 1.595923304558e-01
1.294798889160e+02 1.547996997833e-01
1.294759826660e+02 1.592912524939e-01
1.294720764160e+02 1.551233977079e-01
1.294681701660e+02 1.594209522009e-01
1.294642639160e+02 1.596429646015e-01
1.294603576660e+02 1.597311347723e-01
1.294564514160e+02 1.573636233807e-01
1.294525451660e+02 1.565131843090e-01
1.294486389160e+02 1.574023663998e-01
1.294447326660e+02 1.558897197247e-01
1.294408264160e+02 1.577312350273e-01
1.294369201660e+02 1.585634052753e-01
1.294330139160e+02 1.569435149431e-01
1.294291076660e+02 1.584010869265e-01
1.294252014160e+02 1.580467671156e-01
1.294212951660e+02 1.556601524353e-01
1.294173889160e+02 1.556029021740e-01
1.294134826660e+02 1.579995751381e-01
1.294095764160e+02 1.549038141966e-01
1.294056701660e+02 1.599341183901e-01
1.294017639160e+02 1.594424992800e-01
1.293978576660e+02 1.562559753656e-01
1.293939514160e+02 1.558227092028e-01
1.293900451660e+02 1.597717404366e-01
1.293861389160e+02 1.606432050467e-01
1.293822326660e+02 1.594132930040e-01
1.293783264160e+02 1.581489145756e-01
1.293744201660e+02 1.569056361914e-01
1.293705139160e+02 1.574626713991e-01
1.293666076660e+02 1.588092595339e-01
1.293627014160e+02 1.581984907389e-01
1.293587951660e+02 1.599515080452e-01
1.293548889160e+02 1.541380286217e-01
1.293509826660e+02 1.567657440901e-01
1.293470764160e+02 1.582008898258e-01
1.293431701660e+02 1.562587022781e-01
1.293392639160e+02 1.588583141565e-01
1.293353576660e+02 1.614788472652e-01
1.293314514160e+02 1.550217568874e-01
1.293275451660e+02 1.599791049957e-01
1.293236389160e+02 1.561921685934e-01
1.293197326660e+02 1.575410068035e-01
1.293158264160e+02 1.569704562426e-01
1.293119201660e+02 1.578458696604e-01
1.293080139160e+02 1.599445343018e-01
1.293041076660e+02 1.585817784071e-01
1.293002014160e+02 1.576889306307e-01
1.292962951660e+02 1.565567851067e-01
1.292923889160e+02 1.557617634535e-01
1.292884826660e+02 1.581215858459e-01
1.292845764160e+02 1.572430282831e-01
1.292806701660e+02 1.582335233688e-01
1.292767639160e+02 1.569201052189e-01
1.292728576660e+02 1.575522273779e-01
1.292689666748e+02 1.601420640945e-01
1.292650604248e+02 1.557838320732e-01
1.292611541748e+02 1.580811589956e-01
1.292572479248e+02 1.570376902819e-01
1.292533416748e+02 1.570842862129e-01
1.292494354248e+02 1.543332636356e-01
1.292455291748e+02 1.599925458431e-01
1.292416229248e+02 1.572941243649e-01
1.292377166748e+02 1.565200090408e-01
1.292338104248e+02 1.571606099606e-01
1.292299041748e+02 1.611523479223e-01
1.292259979248e+02 1.566122174263e-01
1.292220916748e+02 1.622683405876e-01
1.292181854248e+02 1.608425825834e-01
1.292142791748e+02 1.574328839779e-01
1.292103729248e+02 1.593200862408e-01
1.292064666748e+02 1.554688066244e-01
1.292025604248e+02 1.599564254284e-01
1.291986541748e+02 1.555882394314e-01
1.291947479248e+02 1.591942906380e-01
1.291908416748e+02 1.571558564901e-01
1.291869354248e+02 1.549264788628e-01
1.291830291748e+02 1.579656004906e-01
1.291791229248e+02 1.577548086643e-01
1.291752166748e+02 1.570035219193e-01
1.291713104248e+02 1.570066213608e-01
1.291674041748e+02 1.586241126060e-01
1.291634979248e+02 1.605864912271e-01
1.291595916748e+02 1.567281484604e-01
1.291556854248e+02 1.581684052944e-01
1.291517791748e+02 1.598852276802e-01
1.291478729248e+02 1.594919115305e-01
1.291439666748e+02 1.586120277643e-01
1.291400604248e+02 1.583836525679e-01
1.291361541748e+02 1.584538966417e-01
1.291322479248e+02 1.634392738342e-01
1.291283416748e+02 1.534480601549e-01
1.291244354248e+02 1.543833464384e-01
1.291205291748e+02 1.613102406263e-01
1.291166229248e+02 1.567590087652e-01
1.291127166748e+02 1.588956117630e-01
1.291088104248e+02 1.598507165909e-01
1.291049041748e+02 1.589520275593e-01
1.291009979248e+02 1.593986004591e-01
1.290970916748e+02 1.584212034941e-01
1.290931854248e+02 1.589784026146e-01
1.290892791748e+02 1.574394255877e-01
1.290853729248e+02 1.591871827841e-01
1.290814666748e+02 1.555942147970e-01
1.290775604248e+02 1.566657274961e-01
1.290736541748e+02 1.567735075951e-01
1.290697479248e+02 1.578466445208e-01
1.290658416748e+02 1.571590900421e-01
1.290619354248e+02 1.591324061155e-01
1.290580291748e+02 1.584873050451e-01
1.290541229248e+02 1.560705751181e-01
1.290502166748e+02 1.570876389742e-01
1.290463104248e+02 1.562044024467e-01
1.290424041748e+02 1.593347340822e-01
1.290384979248e+02 1.570498198271e-01
1.290345916748e+02 1.545793116093e-01
1.290306854248e+02 1.583146750927e-01
1.290267791748e+02 1.546864360571e-01
1.290228729248e+02 1.594179868698e-01
1.290189666748e+02 1.574777662754e-01
1.290150604248e+02 1.611118465662e-01
1.290111541748e+02 1.587374657393e-01
1.290072479248e+02 1.570300161839e-01
1.290033416748e+02 1.597146838903e-01
1.289994354248e+02 1.564534604549e-01
1.289955291748e+02 1.597096323967e-01
1.289916229248e+02 1.583232730627e-01
1.289877166748e+02 1.575320065022e-01
1.289838104248e+02 1.554048657417e-01
1.289799041748e+02 1.559657454491e-01
1.289759979248e+02 1.573853194714e-01
1.289721069336e+02 1.565002053976e-01
1.289682006836e+02 1.584870517254e-01
1.289642944336e+02 1.580000072718e-01
1.289603881836e+02 1.581704020500e-01
1.289564819336e+02 1.560837626457e-01
1.289525756836e+02 1.582963019609e-01
1.289486694336e+02 1.573554277420e-01
1.289447631836e+02 1.574156582355e-01
1.289408569336e+02 1.555290073156e-01
1.289369506836e+02 1.585022658110e-01
1.289330444336e+02 1.560436040163e-01
1.289291381836e+02 1.581383794546e-01
1.289252319336e+02 1.558895111084e-01
1.289213256836e+02 1.571164429188e-01
1.289174194336e+02 1.577834933996e-01
1.289135131836e+02 1.594193428755e-01
1.289096069336e+02 1.568316072226e-01
1.289057006836e+02 1.621105670929e-01
1.289017944336e+02 1.596196144819e-01
1.288978881836e+02 1.566145122051e-01
1.288939819336e+02 1.575512290001e-01
1.288900756836e+02 1.575937718153e-01
1.288861694336e+02 1.571230590343e-01
1.288822631836e+02 1.555757373571e-01
1.288783569336e+02 1.626186668873e-01
1.288744506836e+02 1.587851494551e-01
1.288705444336e+02 1.575922220945e-01
1.288666381836e+02 1.609180271626e-01
1.288627319336e+02 1.568746715784e-01
1.288588256836e+02 1.600669473410e-01
1.288549194336e+02 1.576638817787e-01
1.288510131836e+02 1.563788801432e-01
1.288471069336e+02 1.570754349232e-01
1.288432006836e+02 1.601361781359e-01
1.288392944336e+02 1.550805419683e-01
1.288353881836e+02 1.557450443506e-01
1.288314819336e+02 1.557437181473e-01
1.288275756836e+02 1.560485512018e-01
1.288236694336e+02 1.558332890272e-01
1.288197631836e+02 1.579796224833e-01
1.288158569336e+02 1.563306748867e-01
1.288119506836e+02 1.579407155514e-01
1.288080444336e+02 1.591991782188e-01
1.288041381836e+02 1.595622897148e-01
1.288002319336e+02 1.600977927446e-01
1.287963256836e+02 1.589345335960e-01
1.287924194336e+02 1.579080671072e-01
1.287885131836e+02 1.587112396955e-01
1.287846069336e+02 1.569239497185e-01
1.287807006836e+02 1.597155630589e-01
1.287767944336e+02 1.588066071272e-01
1.287728881836e+02 1.587333530188e-01
1.287689819336e+02 1.583780348301e-01
1.287650756836e+02 1.565769761801e-01
1.287611694336e+02 1.592311561108e-01
1.287572631836e+02 1.578626334667e-01
1.287533569336e+02 1.561104059219e-01
1.287494506836e+02 1.592943221331e-01
1.287455444336e+02 1.609552204609e-01
1.287416381836e+02 1.557837277651e-01
1.287377319336e+02 1.576720774174e-01
1.287338256836e+02 1.562791615725e-01
1.287299194336e+02 1.582223176956e-01
1.287260131836e+02 1.548721492290e-01
1.287221069336e+02 1.585313975811e-01
1.287182006836e+02 1.570187211037e-01
1.287142944336e+02 1.596276611090e-01
1.287103881836e+02 1.601148843765e-01
1.287064819336e+02 1.587872058153e-01
1.287025756836e+02 1.579273641109e-01
1.286986694336e+02 1.562817543745e-01
1.286947631836e+02 1.563897579908e-01
1.286908569336e+02 1.574635952711e-01
1.286869506836e+02 1.594213694334e-01
1.286830444336e+02 1.587540358305e-01
1.286791381836e+02 1.579951643944e-01
1.286752471924e+02 1.596109420061e-01
1.286713409424e+02 1.566041260958e-01
1.286674346924e+02 1.564809232950e-01
1.286635284424e+02 1.578935086727e-01
1.286596221924e+02 1.565049141645e-01
1.286557159424e+02 1.595460772514e-01
1.286518096924e+02 1.549413055182e-01
1.286479034424e+02 1.546600461006e-01
1.286439971924e+02 1.563998311758e-01
1.286400909424e+02 1.573228389025e-01
1.286361846924e+02 1.569894999266e-01
1.286322784424e+02 1.569588780403e-01
1.286283721924e+02 1.585032045841e-01
1.286244659424e+02 1.580983251333e-01
1.286205596924e+02 1.569186300039e-01
1.286166534424e+02 1.558365076780e-01
1.286127471924e+02 1.571844369173e-01
1.286088409424e+02 1.565853357315e-01
1.286049346924e+02 1.565926820040e-01
1.286010284424e+02 1.588002443314e-01
1.285971221924e+02 1.578589379787e-01
1.285932159424e+02 1.574245244265e-01
1.285893096924e+02 1.567848473787e-01
1.285854034424e+02 1.585129946470e-01
1.285814971924e+02 1.586364060640e-01
1.285775909424e+02 1.577998548746e-01
1.285736846924e+02 1.576736867428e-01
1.285697784424e+02 1.580780595541e-01
1.285658721924e+02 1.569923013449e-01
1.285619659424e+02 1.578876078129e-01
1.285580596924e+02 1.591096222401e-01
1.285541534424e+02 1.604941189289e-01
1.285502471924e+02 1.568668037653e-01
1.285463409424e+02 1.571875214577e-01
1.285424346924e+02 1.590598076582e-01
1.285385284424e+02 1.554954499006e-01
1.285346221924e+02 1.596955955029e-01
1.285307159424e+02 1.555832177401e-01
1.285268096924e+02 1.590701788664e-01
1.285229034424e+02 1.566218137741e-01
1.285189971924e+02 1.574385464191e-01
1.285150909424e+02 1.581501364708e-01
1.285111846924e+02 1.561071872711e-01
1.285072784424e+02 1.600739806890e-01
1.285033721924e+02 1.573384702206e-01
1.284994659424e+02 1.568041443825e-01
1.284955596924e+02 1.590697318316e-01
1.284916534424e+02 1.563960611820e-01
1.284877471924e+02 1.572729051113e-01
1.284838409424e+02 1.591535955667e-01
1.284799346924e+02 1.579969227314e-01
1.284760284424e+02 1.540526449680e-01
1.284721221924e+02 1.579552143812e-01
1.284682159424e+02 1.616519391537e-01
1.284643096924e+02 1.562170684338e-01
1.284604034424e+02 1.579214334488e-01
1.284564971924e+02 1.559031456709e-01
1.284525909424e+02 1.587140113115e-01
1.284486846924e+02 1.556109786034e-01
1.284447784424e+02 1.567696481943e-01
1.284408721924e+02 1.586585342884e-01
1.284369659424e+02 1.587636172771e-01
1.284330596924e+02 1.556704789400e-01
1.284291534424e+02 1.546529084444e-01
1.284252471924e+02 1.583757400513e-01
1.284213409424e+02 1.582105904818e-01
1.284174346924e+02 1.606774032116e-01
1.284135284424e+02 1.587251275778e-01
1.284096221924e+02 1.591245681047e-01
1.284057159424e+02 1.578781306744e-01
1.284018096924e+02 1.589309871197e-01
1.283979034424e+02 1.570133864880e-01
1.283939971924e+02 1.546848118305e-01
1.283900909424e+02 1.563394367695e-01
1.283861846924e+02 1.561889201403e-01
1.283822784424e+02 1.566808372736e-01
1.283783874512e+02 1.609679162502e-01
1.283744812012e+02 1.579757034779e-01
1.283705749512e+02 1.582239717245e-01
1.283666687012e+02 1.579723656178e-01
1.283627624512e+02 1.573574393988e-01
1.283588562012e+02 1.573546677828e-01
1.283549499512e+02 1.567124575377e-01
1.283510437012e+02 1.584245413542e-01
1.283471374512e+02 1.550845503807e-01
1.283432312012e+02 1.571191251278e-01
1.283393249512e+02 1.595292687416e-01
1.283354187012e+02 1.568916887045e-01
1.283315124512e+02 1.584264189005e-01
1.283276062012e+02 1.596805304289e-01
1.283236999512e+02 1.562653034925e-01
1.283197937012e+02 1.568250954151e-01
1.283158874512e+02 1.571138501167e-01
1.283119812012e+02 1.578376293182e-01
1.283080749512e+02 1.567517071962e-01
1.283041687012e+02 1.576237380505e-01
1.283002624512e+02 1.575936973095e-01
1.282963562012e+02 1.569310724735e-01
1.282924499512e+02 1.615160554647e-01
1.282885437012e+02 1.595561206341e-01
1.282846374512e+02 1.583926081657e-01
1.282807312012e+02 1.562048643827e-01
1.282768249512e+02 1.603236943483e-01
1.282729187012e+02 1.573443561792e-01
1.282690124512e+02 1.599546223879e-01
1.282651062012e+02 1.557921469212e-01
1.282611999512e+02 1.563828289509e-01
1.282572937012e+02 1.588372141123e-01
1.282533874512e+02 1.572047472000e-01
1.282494812012e+02 1.588116139174e-01
1.282455749512e+02 1.607876867056e-01
1.282416687012e+02 1.582027524710e-01
1.282377624512e+02 1.582754850388e-01
1.282338562012e+02 1.591765433550e-01
1.282299499512e+02 1.576234549284e-01
1.282260437012e+02 1.587227433920e-01
1.282221374512e+02 1.562240570784e-01
1.282182312012e+02 1.593575179577e-01
1.282143249512e+02 1.579206436872e-01
1.282104187012e+02 1.587946861982e-01
