#title: Spectral profile - J0243-0550_SPW0.image-raster
#region (world): Point[[02:43:12.469, -05d50m55.296]]
#region (pixel): Point[[64, 64]]
#coordinate: world
#xLabel: frequency [GHz]
#yLabel: [Jy/beam] Mean

# J0243-0550_SPW0.image-raster
8.878193664551e+01 1.850775033236e-01
8.877803039551e+01 1.873398125172e-01
8.877412414551e+01 1.901899874210e-01
8.877021789551e+01 1.879698187113e-01
8.876631164551e+01 1.921264231205e-01
8.876240539551e+01 1.895862817764e-01
8.875849914551e+01 1.897746920586e-01
8.875459289551e+01 1.906542479992e-01
8.875068664551e+01 1.888445019722e-01
8.874678039551e+01 1.871849000454e-01
8.874287414551e+01 1.900933831930e-01
8.873896789551e+01 1.890414208174e-01
8.873506164551e+01 1.887190043926e-01
8.873115539551e+01 1.897544264793e-01
8.872724914551e+01 1.882787346840e-01
8.872334289551e+01 1.883810609579e-01
8.871943664551e+01 1.913538873196e-01
8.871553039551e+01 1.920600235462e-01
8.871162414551e+01 1.894825696945e-01
8.870771789551e+01 1.872045993805e-01
8.870381164551e+01 1.868106871843e-01
8.869990539551e+01 1.891346871853e-01
8.869599914551e+01 1.875814497471e-01
8.869209289551e+01 1.913988888264e-01
8.868818664551e+01 1.902136802673e-01
8.868428802490e+01 1.886226236820e-01
8.868038177490e+01 1.894148290157e-01
8.867647552490e+01 1.887828707695e-01
8.867256927490e+01 1.889142096043e-01
8.866866302490e+01 1.871865391731e-01
8.866475677490e+01 1.915243268013e-01
8.866085052490e+01 1.904545873404e-01
8.865694427490e+01 1.880036145449e-01
8.865303802490e+01 1.906504034996e-01
8.864913177490e+01 1.925754398108e-01
8.864522552490e+01 1.892033219337e-01
8.864131927490e+01 1.909902691841e-01
8.863741302490e+01 1.898357123137e-01
8.863350677490e+01 1.900943815708e-01
8.862960052490e+01 1.918493211269e-01
8.862569427490e+01 1.907281577587e-01
8.862178802490e+01 1.891753077507e-01
8.861788177490e+01 1.895049065351e-01
8.861397552490e+01 1.882096081972e-01
8.861006927490e+01 1.882879137993e-01
8.860616302490e+01 1.865376383066e-01
8.860225677490e+01 1.884786933661e-01
8.859835052490e+01 1.888838708401e-01
8.859444427490e+01 1.914290338755e-01
8.859053802490e+01 1.903705149889e-01
8.858663177490e+01 1.872850954533e-01
8.858272552490e+01 1.886456012726e-01
8.857881927490e+01 1.897903084755e-01
8.857491302490e+01 1.887013167143e-01
8.857100677490e+01 1.900720447302e-01
8.856710052490e+01 1.890370994806e-01
8.856319427490e+01 1.891033649445e-01
8.855928802490e+01 1.901905536652e-01
8.855538177490e+01 1.903163492680e-01
8.855147552490e+01 1.931008547544e-01
8.854756927490e+01 1.910327672958e-01
8.854366302490e+01 1.901489198208e-01
8.853975677490e+01 1.888513416052e-01
8.853585815430e+01 1.884540617466e-01
8.853195190430e+01 1.889291405678e-01
8.852804565430e+01 1.905239820480e-01
8.852413940430e+01 1.887199729681e-01
8.852023315430e+01 1.885821372271e-01
8.851632690430e+01 1.895653903484e-01
8.851242065430e+01 1.907497346401e-01
8.850851440430e+01 1.911958456039e-01
8.850460815430e+01 1.882293522358e-01
8.850070190430e+01 1.893947571516e-01
8.849679565430e+01 1.880033016205e-01
8.849288940430e+01 1.882588267326e-01
8.848898315430e+01 1.894696056843e-01
8.848507690430e+01 1.877979040146e-01
8.848117065430e+01 1.913452446461e-01
8.847726440430e+01 1.901792287827e-01
8.847335815430e+01 1.890663802624e-01
8.846945190430e+01 1.918278485537e-01
8.846554565430e+01 1.890005022287e-01
8.846163940430e+01 1.886993497610e-01
8.845773315430e+01 1.895102858543e-01
8.845382690430e+01 1.895900815725e-01
8.844992065430e+01 1.910008192062e-01
8.844601440430e+01 1.907711923122e-01
8.844210815430e+01 1.906215995550e-01
8.843820190430e+01 1.907768547535e-01
8.843429565430e+01 1.894140541553e-01
8.843038940430e+01 1.890971213579e-01
8.842648315430e+01 1.904428005219e-01
8.842257690430e+01 1.896785348654e-01
8.841867065430e+01 1.911162436008e-01
8.841476440430e+01 1.901777982712e-01
8.841085815430e+01 1.893176436424e-01
8.840695190430e+01 1.886323392391e-01
8.840304565430e+01 1.912133395672e-01
8.839913940430e+01 1.898955255747e-01
8.839523315430e+01 1.890698671341e-01
8.839133453369e+01 1.890011131763e-01
8.838742828369e+01 1.871741712093e-01
8.838352203369e+01 1.899222284555e-01
8.837961578369e+01 1.885529011488e-01
8.837570953369e+01 1.909108608961e-01
8.837180328369e+01 1.889138370752e-01
8.836789703369e+01 1.896077841520e-01
8.836399078369e+01 1.885672509670e-01
8.836008453369e+01 1.877780556679e-01
8.835617828369e+01 1.896850466728e-01
8.835227203369e+01 1.895705014467e-01
8.834836578369e+01 1.892360746861e-01
8.834445953369e+01 1.902157813311e-01
8.834055328369e+01 1.901052892208e-01
8.833664703369e+01 1.887984573841e-01
8.833274078369e+01 1.900332570076e-01
8.832883453369e+01 1.928549706936e-01
8.832492828369e+01 1.891875565052e-01
8.832102203369e+01 1.918329000473e-01
8.831711578369e+01 1.889490187168e-01
8.831320953369e+01 1.899888515472e-01
8.830930328369e+01 1.883600205183e-01
8.830539703369e+01 1.884065866470e-01
8.830149078369e+01 1.881444901228e-01
8.829758453369e+01 1.888500899076e-01
8.829367828369e+01 1.873178184032e-01
8.828977203369e+01 1.893960982561e-01
8.828586578369e+01 1.876508444548e-01
8.828195953369e+01 1.887964010239e-01
8.827805328369e+01 1.876335144043e-01
8.827414703369e+01 1.892938911915e-01
8.827024078369e+01 1.899565905333e-01
8.826633453369e+01 1.905138641596e-01
8.826242828369e+01 1.893451213837e-01
8.825852203369e+01 1.874859333038e-01
8.825461578369e+01 1.897259950638e-01
8.825070953369e+01 1.881744265556e-01
8.824680328369e+01 1.891697347164e-01
8.824290466309e+01 1.889511346817e-01
8.823899841309e+01 1.893660575151e-01
8.823509216309e+01 1.878463625908e-01
8.823118591309e+01 1.893467754126e-01
8.822727966309e+01 1.910634040833e-01
8.822337341309e+01 1.902941167355e-01
8.821946716309e+01 1.894307285547e-01
8.821556091309e+01 1.886403411627e-01
8.821165466309e+01 1.885880231857e-01
8.820774841309e+01 1.889616549015e-01
8.820384216309e+01 1.888907551765e-01
8.819993591309e+01 1.899217665195e-01
8.819602966309e+01 1.894230842590e-01
8.819212341309e+01 1.892718374729e-01
8.818821716309e+01 1.893042922020e-01
8.818431091309e+01 1.896133571863e-01
8.818040466309e+01 1.887392252684e-01
8.817649841309e+01 1.884024143219e-01
8.817259216309e+01 1.881030499935e-01
8.816868591309e+01 1.909811347723e-01
8.816477966309e+01 1.898814439774e-01
8.816087341309e+01 1.883123517036e-01
8.815696716309e+01 1.897946745157e-01
8.815306091309e+01 1.911698877811e-01
8.814915466309e+01 1.904755383730e-01
8.814524841309e+01 1.895689666271e-01
8.814134216309e+01 1.877877116203e-01
8.813743591309e+01 1.883168667555e-01
8.813352966309e+01 1.902153491974e-01
8.812962341309e+01 1.899826824665e-01
8.812571716309e+01 1.899728178978e-01
8.812181091309e+01 1.905446201563e-01
8.811790466309e+01 1.883925050497e-01
8.811399841309e+01 1.895913034678e-01
8.811009216309e+01 1.899494230747e-01
8.810618591309e+01 1.893122345209e-01
8.810227966309e+01 1.891399621964e-01
8.809838104248e+01 1.886853575706e-01
8.809447479248e+01 1.895363777876e-01
8.809056854248e+01 1.919402927160e-01
8.808666229248e+01 1.912160217762e-01
8.808275604248e+01 1.896872967482e-01
8.807884979248e+01 1.908713281155e-01
8.807494354248e+01 1.894651055336e-01
8.807103729248e+01 1.890012323856e-01
8.806713104248e+01 1.902916282415e-01
8.806322479248e+01 1.888676434755e-01
8.805931854248e+01 1.879930496216e-01
8.805541229248e+01 1.902756690979e-01
8.805150604248e+01 1.895434260368e-01
8.804759979248e+01 1.889858990908e-01
8.804369354248e+01 1.886761784554e-01
8.803978729248e+01 1.893766820431e-01
8.803588104248e+01 1.904675960541e-01
8.803197479248e+01 1.894607543945e-01
8.802806854248e+01 1.883871257305e-01
8.802416229248e+01 1.895009577274e-01
8.802025604248e+01 1.907998025417e-01
8.801634979248e+01 1.890283226967e-01
8.801244354248e+01 1.902495771646e-01
8.800853729248e+01 1.893878579140e-01
8.800463104248e+01 1.894765198231e-01
8.800072479248e+01 1.878542602062e-01
8.799681854248e+01 1.873787045479e-01
8.799291229248e+01 1.894728243351e-01
8.798900604248e+01 1.883382648230e-01
8.798509979248e+01 1.892063617706e-01
8.798119354248e+01 1.897073984146e-01
8.797728729248e+01 1.946321129799e-01
8.797338104248e+01 1.895427405834e-01
8.796947479248e+01 1.894873082638e-01
8.796556854248e+01 1.888219118118e-01
8.796166229248e+01 1.907613277435e-01
8.795775604248e+01 1.905571073294e-01
8.795384979248e+01 1.910860240459e-01
8.794995117188e+01 1.906100213528e-01
8.794604492188e+01 1.891470849514e-01
8.794213867188e+01 1.875447928905e-01
8.793823242188e+01 1.902362406254e-01
8.793432617188e+01 1.925492286682e-01
8.793041992188e+01 1.899448931217e-01
8.792651367188e+01 1.912146061659e-01
8.792260742188e+01 1.908254921436e-01
8.791870117188e+01 1.903897821903e-01
8.791479492188e+01 1.886959075928e-01
8.791088867188e+01 1.891835480928e-01
8.790698242188e+01 1.893823146820e-01
8.790307617188e+01 1.920341849327e-01
8.789916992188e+01 1.909527480602e-01
8.789526367188e+01 1.879889369011e-01
8.789135742188e+01 1.901253461838e-01
8.788745117188e+01 1.913984268904e-01
8.788354492188e+01 1.896464973688e-01
8.787963867188e+01 1.907542794943e-01
8.787573242188e+01 1.903463155031e-01
8.787182617188e+01 1.880291998386e-01
8.786791992188e+01 1.903983354568e-01
8.786401367188e+01 1.884801536798e-01
8.786010742188e+01 1.909304708242e-01
8.785620117188e+01 1.889082193375e-01
8.785229492188e+01 1.909820586443e-01
8.784838867188e+01 1.900101751089e-01
8.784448242188e+01 1.913282871246e-01
8.784057617188e+01 1.899447590113e-01
8.783666992188e+01 1.907651573420e-01
8.783276367188e+01 1.910466253757e-01
8.782885742188e+01 1.891933977604e-01
8.782495117188e+01 1.892672479153e-01
8.782104492188e+01 1.889803111553e-01
8.781713867188e+01 1.892283707857e-01
8.781323242188e+01 1.896403580904e-01
8.780932617188e+01 1.900585889816e-01
8.780542755127e+01 1.896557509899e-01
8.780152130127e+01 1.889260411263e-01
8.779761505127e+01 1.897405534983e-01
8.779370880127e+01 1.903617382050e-01
8.778980255127e+01 1.893192082644e-01
8.778589630127e+01 1.905623376369e-01
8.778199005127e+01 1.902281790972e-01
8.777808380127e+01 1.890031993389e-01
8.777417755127e+01 1.892058253288e-01
8.777027130127e+01 1.878217011690e-01
8.776636505127e+01 1.884684562683e-01
8.776245880127e+01 1.888964325190e-01
8.775855255127e+01 1.881318390369e-01
8.775464630127e+01 1.901338100433e-01
8.775074005127e+01 1.926288306713e-01
8.774683380127e+01 1.877576410770e-01
8.774292755127e+01 1.903953850269e-01
8.773902130127e+01 1.917803138494e-01
8.773511505127e+01 1.913114190102e-01
8.773120880127e+01 1.889836192131e-01
8.772730255127e+01 1.882334947586e-01
8.772339630127e+01 1.905233263969e-01
8.771949005127e+01 1.875946968794e-01
8.771558380127e+01 1.897326409817e-01
8.771167755127e+01 1.912055164576e-01
8.770777130127e+01 1.921394616365e-01
8.770386505127e+01 1.920589506626e-01
8.769995880127e+01 1.915527582169e-01
8.769605255127e+01 1.902221888304e-01
8.769214630127e+01 1.887934058905e-01
8.768824005127e+01 1.897488385439e-01
8.768433380127e+01 1.905356943607e-01
8.768042755127e+01 1.912204921246e-01
8.767652130127e+01 1.893963962793e-01
8.767261505127e+01 1.911336779594e-01
8.766870880127e+01 1.898226588964e-01
8.766480255127e+01 1.900145560503e-01
8.766089630127e+01 1.896061003208e-01
8.765699768066e+01 1.911161988974e-01
8.765309143066e+01 1.921938806772e-01
8.764918518066e+01 1.908683776855e-01
8.764527893066e+01 1.901120245457e-01
8.764137268066e+01 1.881287097931e-01
8.763746643066e+01 1.887859404087e-01
8.763356018066e+01 1.896682679653e-01
8.762965393066e+01 1.908759027719e-01
8.762574768066e+01 1.916070729494e-01
8.762184143066e+01 1.889734417200e-01
8.761793518066e+01 1.905289441347e-01
8.761402893066e+01 1.903953701258e-01
8.761012268066e+01 1.896727681160e-01
8.760621643066e+01 1.903653889894e-01
8.760231018066e+01 1.898547261953e-01
8.759840393066e+01 1.895109713078e-01
8.759449768066e+01 1.877997815609e-01
8.759059143066e+01 1.903298795223e-01
8.758668518066e+01 1.904773414135e-01
8.758277893066e+01 1.907861381769e-01
8.757887268066e+01 1.902359724045e-01
8.757496643066e+01 1.911558955908e-01
8.757106018066e+01 1.920721828938e-01
8.756715393066e+01 1.883345842361e-01
8.756324768066e+01 1.886392682791e-01
8.755934143066e+01 1.893620491028e-01
8.755543518066e+01 1.917324215174e-01
8.755152893066e+01 1.915628612041e-01
8.754762268066e+01 1.899457424879e-01
8.754371643066e+01 1.899633705616e-01
8.753981018066e+01 1.898033022881e-01
8.753590393066e+01 1.929792463779e-01
8.753199768066e+01 1.907232999802e-01
8.752809143066e+01 1.902231723070e-01
8.752418518066e+01 1.901373565197e-01
8.752027893066e+01 1.891410797834e-01
8.751637268066e+01 1.905094236135e-01
8.751246643066e+01 1.901542246342e-01
8.750856781006e+01 1.905995011330e-01
8.750466156006e+01 1.901858448982e-01
8.750075531006e+01 1.900316774845e-01
8.749684906006e+01 1.897947788239e-01
8.749294281006e+01 1.911233067513e-01
8.748903656006e+01 1.902314722538e-01
8.748513031006e+01 1.908634006977e-01
8.748122406006e+01 1.934302747250e-01
8.747731781006e+01 1.909518241882e-01
8.747341156006e+01 1.914267987013e-01
8.746950531006e+01 1.904217302799e-01
8.746559906006e+01 1.904728710651e-01
8.746169281006e+01 1.910572648048e-01
8.745778656006e+01 1.916633695364e-01
8.745388031006e+01 1.898924112320e-01
8.744997406006e+01 1.911081522703e-01
8.744606781006e+01 1.903945356607e-01
8.744216156006e+01 1.905927658081e-01
8.743825531006e+01 1.900773346424e-01
8.743434906006e+01 1.881106197834e-01
8.743044281006e+01 1.901045739651e-01
8.742653656006e+01 1.906125396490e-01
8.742263031006e+01 1.906779259443e-01
8.741872406006e+01 1.915445774794e-01
8.741481781006e+01 1.906171739101e-01
8.741091156006e+01 1.893152892590e-01
8.740700531006e+01 1.917249709368e-01
8.740309906006e+01 1.891542524099e-01
8.739919281006e+01 1.914729177952e-01
8.739528656006e+01 1.903242617846e-01
8.739138031006e+01 1.886852383614e-01
8.738747406006e+01 1.917402446270e-01
8.738356781006e+01 1.894101351500e-01
8.737966156006e+01 1.894740164280e-01
8.737575531006e+01 1.900025457144e-01
8.737184906006e+01 1.903211325407e-01
8.736794281006e+01 1.904875040054e-01
8.736404418945e+01 1.890496313572e-01
8.736013793945e+01 1.898306757212e-01
8.735623168945e+01 1.894498020411e-01
8.735232543945e+01 1.909772604704e-01
8.734841918945e+01 1.902160048485e-01
8.734451293945e+01 1.908534914255e-01
8.734060668945e+01 1.900773644447e-01
8.733670043945e+01 1.919055134058e-01
8.733279418945e+01 1.899780035019e-01
8.732888793945e+01 1.893525719643e-01
8.732498168945e+01 1.898930668831e-01
8.732107543945e+01 1.870533823967e-01
8.731716918945e+01 1.897149682045e-01
8.731326293945e+01 1.898607313633e-01
8.730935668945e+01 1.880834996700e-01
8.730545043945e+01 1.899434924126e-01
8.730154418945e+01 1.896165907383e-01
8.729763793945e+01 1.901414543390e-01
8.729373168945e+01 1.892144978046e-01
8.728982543945e+01 1.898109912872e-01
8.728591918945e+01 1.890574544668e-01
8.728201293945e+01 1.899083107710e-01
8.727810668945e+01 1.885493546724e-01
8.727420043945e+01 1.907901018858e-01
8.727029418945e+01 1.917562037706e-01
8.726638793945e+01 1.900808811188e-01
8.726248168945e+01 1.876049637794e-01
8.725857543945e+01 1.900120377541e-01
8.725466918945e+01 1.916383951902e-01
8.725076293945e+01 1.888181120157e-01
8.724685668945e+01 1.885840296745e-01
8.724295043945e+01 1.870383918285e-01
8.723904418945e+01 1.895641982555e-01
8.723513793945e+01 1.903091073036e-01
8.723123168945e+01 1.890198588371e-01
8.722732543945e+01 1.876048147678e-01
8.722341918945e+01 1.899770647287e-01
8.721951293945e+01 1.896690279245e-01
8.721561431885e+01 1.923218071461e-01
8.721170806885e+01 1.908747106791e-01
8.720780181885e+01 1.889492720366e-01
8.720389556885e+01 1.896350979805e-01
8.719998931885e+01 1.878253817558e-01
8.719608306885e+01 1.883488446474e-01
8.719217681885e+01 1.904298365116e-01
8.718827056885e+01 1.913702636957e-01
8.718436431885e+01 1.892665922642e-01
8.718045806885e+01 1.924835741520e-01
8.717655181885e+01 1.890865266323e-01
8.717264556885e+01 1.908521354198e-01
8.716873931885e+01 1.898230016232e-01
8.716483306885e+01 1.897783279419e-01
8.716092681885e+01 1.898083984852e-01
8.715702056885e+01 1.898871064186e-01
8.715311431885e+01 1.919070780277e-01
8.714920806885e+01 1.909953951836e-01
8.714530181885e+01 1.896426826715e-01
8.714139556885e+01 1.904544830322e-01
8.713748931885e+01 1.907089501619e-01
8.713358306885e+01 1.880946010351e-01
8.712967681885e+01 1.899687945843e-01
8.712577056885e+01 1.888501793146e-01
8.712186431885e+01 1.881782114506e-01
8.711795806885e+01 1.881882995367e-01
8.711405181885e+01 1.890040040016e-01
8.711014556885e+01 1.879427880049e-01
8.710623931885e+01 1.889217942953e-01
8.710233306885e+01 1.896160840988e-01
8.709842681885e+01 1.901600211859e-01
8.709452056885e+01 1.887629926205e-01
8.709061431885e+01 1.892414987087e-01
8.708670806885e+01 1.909681111574e-01
8.708280181885e+01 1.896413713694e-01
8.707889556885e+01 1.882230639458e-01
8.707498931885e+01 1.884145140648e-01
8.707109069824e+01 1.906839907169e-01
8.706718444824e+01 1.913853883743e-01
8.706327819824e+01 1.921770423651e-01
8.705937194824e+01 1.921250820160e-01
8.705546569824e+01 1.891055107117e-01
8.705155944824e+01 1.892830282450e-01
8.704765319824e+01 1.895931959152e-01
8.704374694824e+01 1.893305629492e-01
8.703984069824e+01 1.882254034281e-01
8.703593444824e+01 1.890362650156e-01
8.703202819824e+01 1.887303888798e-01
8.702812194824e+01 1.906628161669e-01
8.702421569824e+01 1.906230300665e-01
8.702030944824e+01 1.880808174610e-01
8.701640319824e+01 1.926198601723e-01
8.701249694824e+01 1.892374455929e-01
8.700859069824e+01 1.879981011152e-01
8.700468444824e+01 1.899994313717e-01
8.700077819824e+01 1.900650709867e-01
8.699687194824e+01 1.902275979519e-01
8.699296569824e+01 1.878068894148e-01
8.698905944824e+01 1.900597214699e-01
8.698515319824e+01 1.898791640997e-01
8.698124694824e+01 1.889024972916e-01
8.697734069824e+01 1.910702437162e-01
8.697343444824e+01 1.901078522205e-01
8.696952819824e+01 1.889448314905e-01
8.696562194824e+01 1.923721134663e-01
8.696171569824e+01 1.894719004631e-01
8.695780944824e+01 1.893862038851e-01
8.695390319824e+01 1.896122992039e-01
8.694999694824e+01 1.907671242952e-01
8.694609069824e+01 1.876357942820e-01
8.694218444824e+01 1.901811361313e-01
8.693827819824e+01 1.885125339031e-01
8.693437194824e+01 1.883572489023e-01
8.693046569824e+01 1.899156570435e-01
8.692655944824e+01 1.904798150063e-01
8.692266082764e+01 1.919206231833e-01
8.691875457764e+01 1.892099231482e-01
