#title: Spectral profile - J0243-0550_SPW2.image-raster
#region (world): Point[[02:43:12.469, -05d50m55.296]]
#region (pixel): Point[[64, 64]]
#coordinate: world
#xLabel: frequency [GHz]
#yLabel: [Jy/beam] Mean

# J0243-0550_SPW2.image-raster
1.382519073486e+02 1.533879488707e-01
1.382558135986e+02 1.525318920612e-01
1.382597198486e+02 1.569112688303e-01
1.382636260986e+02 1.566068083048e-01
1.382675323486e+02 1.546337157488e-01
1.382714385986e+02 1.586178392172e-01
1.382753448486e+02 1.542194783688e-01
1.382792510986e+02 1.556844264269e-01
1.382831573486e+02 1.541964411736e-01
1.382870635986e+02 1.542528867722e-01
1.382909698486e+02 1.558415442705e-01
1.382948760986e+02 1.534847468138e-01
1.382987823486e+02 1.561894714832e-01
1.383026885986e+02 1.567599475384e-01
1.383065948486e+02 1.574837416410e-01
1.383105010986e+02 1.556381732225e-01
1.383144073486e+02 1.600929051638e-01
1.383183135986e+02 1.523821502924e-01
1.383222198486e+02 1.549575030804e-01
1.383261108398e+02 1.527711451054e-01
1.383300170898e+02 1.558867096901e-01
1.383339233398e+02 1.553108692169e-01
1.383378295898e+02 1.554159224033e-01
1.383417358398e+02 1.562015116215e-01
1.383456420898e+02 1.586900651455e-01
1.383495483398e+02 1.531161367893e-01
1.383534545898e+02 1.569073796272e-01
1.383573608398e+02 1.556472480297e-01
1.383612670898e+02 1.543793082237e-01
1.383651733398e+02 1.540745794773e-01
1.383690795898e+02 1.487416923046e-01
1.383729858398e+02 1.555764526129e-01
1.383768920898e+02 1.550450921059e-01
1.383807983398e+02 1.539281308651e-01
1.383847045898e+02 1.537227928638e-01
1.383886108398e+02 1.538019776344e-01
1.383925170898e+02 1.553682535887e-01
1.383964233398e+02 1.502775400877e-01
1.384003295898e+02 1.535211205482e-01
1.384042358398e+02 1.540626287460e-01
1.384081420898e+02 1.538480818272e-01
1.384120483398e+02 1.540926247835e-01
1.384159545898e+02 1.533500701189e-01
1.384198608398e+02 1.566042006016e-01
1.384237670898e+02 1.532467752695e-01
1.384276733398e+02 1.550064831972e-01
1.384315795898e+02 1.558062136173e-01
1.384354858398e+02 1.568021923304e-01
1.384393920898e+02 1.511462330818e-01
1.384432983398e+02 1.561748236418e-01
1.384472045898e+02 1.546852141619e-01
1.384511108398e+02 1.578339338303e-01
1.384550170898e+02 1.553082466125e-01
1.384589233398e+02 1.536803245544e-01
1.384628295898e+02 1.545141041279e-01
1.384667358398e+02 1.564202606678e-01
1.384706420898e+02 1.548130363226e-01
1.384745483398e+02 1.543555408716e-01
1.384784545898e+02 1.581298559904e-01
1.384823608398e+02 1.569009274244e-01
1.384862670898e+02 1.564787477255e-01
1.384901733398e+02 1.532058268785e-01
1.384940795898e+02 1.540222167969e-01
1.384979858398e+02 1.576654165983e-01
1.385018920898e+02 1.547793298960e-01
1.385057983398e+02 1.520087569952e-01
1.385097045898e+02 1.533564925194e-01
1.385136108398e+02 1.556767523289e-01
1.385175170898e+02 1.578367650509e-01
1.385214233398e+02 1.520408093929e-01
1.385253295898e+02 1.598516702652e-01
1.385292358398e+02 1.534154266119e-01
1.385331420898e+02 1.547477692366e-01
1.385370483398e+02 1.539665609598e-01
1.385409545898e+02 1.578194499016e-01
1.385448608398e+02 1.552727073431e-01
1.385487670898e+02 1.547824144363e-01
1.385526733398e+02 1.527675986290e-01
1.385565795898e+02 1.525283753872e-01
1.385604858398e+02 1.540331244469e-01
1.385643920898e+02 1.517131179571e-01
1.385682983398e+02 1.528353840113e-01
1.385722045898e+02 1.549091786146e-01
1.385761108398e+02 1.550004780293e-01
1.385800170898e+02 1.551635116339e-01
1.385839233398e+02 1.550752520561e-01
1.385878295898e+02 1.569875329733e-01
1.385917358398e+02 1.532821655273e-01
1.385956420898e+02 1.535061299801e-01
1.385995483398e+02 1.547480076551e-01
1.386034545898e+02 1.537549793720e-01
1.386073608398e+02 1.572636067867e-01
1.386112670898e+02 1.549389809370e-01
1.386151733398e+02 1.542282998562e-01
1.386190795898e+02 1.556139290333e-01
1.386229705811e+02 1.544813811779e-01
1.386268768311e+02 1.536138206720e-01
1.386307830811e+02 1.543515920639e-01
1.386346893311e+02 1.518415510654e-01
1.386385955811e+02 1.548737138510e-01
1.386425018311e+02 1.567736864090e-01
1.386464080811e+02 1.563458442688e-01
1.386503143311e+02 1.556654721498e-01
1.386542205811e+02 1.548879146576e-01
1.386581268311e+02 1.517525911331e-01
1.386620330811e+02 1.544786393642e-01
1.386659393311e+02 1.558673977852e-01
1.386698455811e+02 1.549546122551e-01
1.386737518311e+02 1.553071588278e-01
1.386776580811e+02 1.558616459370e-01
1.386815643311e+02 1.535164117813e-01
1.386854705811e+02 1.552717983723e-01
1.386893768311e+02 1.554051786661e-01
1.386932830811e+02 1.543416231871e-01
1.386971893311e+02 1.549322158098e-01
1.387010955811e+02 1.541026085615e-01
1.387050018311e+02 1.537903398275e-01
1.387089080811e+02 1.555469781160e-01
1.387128143311e+02 1.544408947229e-01
1.387167205811e+02 1.563167423010e-01
1.387206268311e+02 1.575442850590e-01
1.387245330811e+02 1.532879471779e-01
1.387284393311e+02 1.575150340796e-01
1.387323455811e+02 1.550742834806e-01
1.387362518311e+02 1.522018313408e-01
1.387401580811e+02 1.552072912455e-01
1.387440643311e+02 1.531442701817e-01
1.387479705811e+02 1.560423076153e-01
1.387518768311e+02 1.563736349344e-01
1.387557830811e+02 1.548808366060e-01
1.387596893311e+02 1.510598659515e-01
1.387635955811e+02 1.533069014549e-01
1.387675018311e+02 1.535280495882e-01
1.387714080811e+02 1.518954634666e-01
1.387753143311e+02 1.534890383482e-01
1.387792205811e+02 1.559677422047e-01
1.387831268311e+02 1.562993079424e-01
1.387870330811e+02 1.540113091469e-01
1.387909393311e+02 1.542432010174e-01
1.387948455811e+02 1.545470356941e-01
1.387987518311e+02 1.531765460968e-01
1.388026580811e+02 1.540729105473e-01
1.388065643311e+02 1.544890552759e-01
1.388104705811e+02 1.549387127161e-01
1.388143768311e+02 1.562235206366e-01
1.388182830811e+02 1.551462113857e-01
1.388221893311e+02 1.542315185070e-01
1.388260955811e+02 1.538879275322e-01
1.388300018311e+02 1.555368006229e-01
1.388339080811e+02 1.559601873159e-01
1.388378143311e+02 1.539625674486e-01
1.388417205811e+02 1.552046984434e-01
1.388456268311e+02 1.517156809568e-01
1.388495330811e+02 1.564262062311e-01
1.388534393311e+02 1.560507267714e-01
1.388573455811e+02 1.530232280493e-01
1.388612518311e+02 1.531503200531e-01
1.388651580811e+02 1.566578596830e-01
1.388690643311e+02 1.535199135542e-01
1.388729705811e+02 1.581281870604e-01
1.388768768311e+02 1.566469967365e-01
1.388807830811e+02 1.558735966682e-01
1.388846893311e+02 1.522558629513e-01
1.388885955811e+02 1.520152539015e-01
1.388925018311e+02 1.531056016684e-01
1.388964080811e+02 1.554251164198e-01
1.389003143311e+02 1.571520715952e-01
1.389042205811e+02 1.547130793333e-01
1.389081268311e+02 1.529629081488e-01
1.389120330811e+02 1.568586081266e-01
1.389159393311e+02 1.531510055065e-01
1.389198303223e+02 1.537752002478e-01
1.389237365723e+02 1.572216898203e-01
1.389276428223e+02 1.531368196011e-01
1.389315490723e+02 1.562014371157e-01
1.389354553223e+02 1.572488397360e-01
1.389393615723e+02 1.582906395197e-01
1.389432678223e+02 1.523914188147e-01
1.389471740723e+02 1.556132882833e-01
1.389510803223e+02 1.532209515572e-01
1.389549865723e+02 1.527988463640e-01
1.389588928223e+02 1.558421552181e-01
1.389627990723e+02 1.531921178102e-01
1.389667053223e+02 1.521945297718e-01
1.389706115723e+02 1.563174128532e-01
1.389745178223e+02 1.546553224325e-01
1.389784240723e+02 1.545124500990e-01
1.389823303223e+02 1.565286368132e-01
1.389862365723e+02 1.541821956635e-01
1.389901428223e+02 1.543764173985e-01
1.389940490723e+02 1.553567647934e-01
1.389979553223e+02 1.543488204479e-01
1.390018615723e+02 1.540585160255e-01
1.390057678223e+02 1.517614871264e-01
1.390096740723e+02 1.543682813644e-01
1.390135803223e+02 1.541555225849e-01
1.390174865723e+02 1.567109525204e-01
1.390213928223e+02 1.549548208714e-01
1.390252990723e+02 1.549257189035e-01
1.390292053223e+02 1.571228653193e-01
1.390331115723e+02 1.512599736452e-01
1.390370178223e+02 1.556808799505e-01
1.390409240723e+02 1.544766426086e-01
1.390448303223e+02 1.564749628305e-01
1.390487365723e+02 1.553700715303e-01
1.390526428223e+02 1.550723314285e-01
1.390565490723e+02 1.559415310621e-01
1.390604553223e+02 1.527809351683e-01
1.390643615723e+02 1.524081826210e-01
1.390682678223e+02 1.538262069225e-01
1.390721740723e+02 1.548019498587e-01
1.390760803223e+02 1.558183282614e-01
1.390799865723e+02 1.543957293034e-01
1.390838928223e+02 1.561073064804e-01
1.390877990723e+02 1.554009318352e-01
1.390917053223e+02 1.560256183147e-01
1.390956115723e+02 1.543056517839e-01
1.390995178223e+02 1.536240130663e-01
1.391034240723e+02 1.543175131083e-01
1.391073303223e+02 1.546886414289e-01
1.391112365723e+02 1.553430110216e-01
1.391151428223e+02 1.524235308170e-01
1.391190490723e+02 1.543055474758e-01
1.391229553223e+02 1.558122783899e-01
1.391268615723e+02 1.537395715714e-01
1.391307678223e+02 1.547506600618e-01
1.391346740723e+02 1.567075103521e-01
1.391385803223e+02 1.536225527525e-01
1.391424865723e+02 1.568400114775e-01
1.391463928223e+02 1.543807238340e-01
1.391502990723e+02 1.537357866764e-01
1.391542053223e+02 1.530025452375e-01
1.391581115723e+02 1.543256342411e-01
1.391620178223e+02 1.559879183769e-01
1.391659240723e+02 1.553638279438e-01
1.391698303223e+02 1.541931480169e-01
1.391737365723e+02 1.548199355602e-01
1.391776428223e+02 1.544262617826e-01
1.391815490723e+02 1.588079035282e-01
1.391854553223e+02 1.505380868912e-01
1.391893615723e+02 1.542878001928e-01
1.391932678223e+02 1.558559387922e-01
1.391971740723e+02 1.543226689100e-01
1.392010803223e+02 1.539819687605e-01
1.392049865723e+02 1.571078747511e-01
1.392088928223e+02 1.534103006124e-01
1.392127990723e+02 1.570141911507e-01
1.392166900635e+02 1.565679311752e-01
1.392205963135e+02 1.574814170599e-01
1.392245025635e+02 1.560523957014e-01
1.392284088135e+02 1.527167260647e-01
1.392323150635e+02 1.584935337305e-01
1.392362213135e+02 1.544641852379e-01
1.392401275635e+02 1.501313596964e-01
1.392440338135e+02 1.557647883892e-01
1.392479400635e+02 1.551238298416e-01
1.392518463135e+02 1.527918875217e-01
1.392557525635e+02 1.554665565491e-01
1.392596588135e+02 1.576923727989e-01
1.392635650635e+02 1.553153097630e-01
1.392674713135e+02 1.539782583714e-01
1.392713775635e+02 1.530487835407e-01
1.392752838135e+02 1.584807783365e-01
1.392791900635e+02 1.571079343557e-01
1.392830963135e+02 1.574468761683e-01
1.392870025635e+02 1.550990641117e-01
1.392909088135e+02 1.519973725080e-01
1.392948150635e+02 1.532009243965e-01
1.392987213135e+02 1.567217856646e-01
1.393026275635e+02 1.563534438610e-01
1.393065338135e+02 1.557727307081e-01
1.393104400635e+02 1.543079316616e-01
1.393143463135e+02 1.520525664091e-01
1.393182525635e+02 1.535163074732e-01
1.393221588135e+02 1.535382121801e-01
1.393260650635e+02 1.573394089937e-01
1.393299713135e+02 1.559396833181e-01
1.393338775635e+02 1.561565399170e-01
1.393377838135e+02 1.547635644674e-01
1.393416900635e+02 1.536135226488e-01
1.393455963135e+02 1.539573371410e-01
1.393495025635e+02 1.547553390265e-01
1.393534088135e+02 1.537947356701e-01
1.393573150635e+02 1.517985612154e-01
1.393612213135e+02 1.501945555210e-01
1.393651275635e+02 1.570809930563e-01
1.393690338135e+02 1.541587114334e-01
1.393729400635e+02 1.546353399754e-01
1.393768463135e+02 1.558350622654e-01
1.393807525635e+02 1.549446433783e-01
1.393846588135e+02 1.515766233206e-01
1.393885650635e+02 1.555878520012e-01
1.393924713135e+02 1.571290940046e-01
1.393963775635e+02 1.569638848305e-01
1.394002838135e+02 1.561607122421e-01
1.394041900635e+02 1.544593423605e-01
1.394080963135e+02 1.566402763128e-01
1.394120025635e+02 1.543575078249e-01
1.394159088135e+02 1.525795161724e-01
1.394198150635e+02 1.534721702337e-01
1.394237213135e+02 1.542317867279e-01
1.394276275635e+02 1.543299555779e-01
1.394315338135e+02 1.545875370502e-01
1.394354400635e+02 1.555934697390e-01
1.394393463135e+02 1.575748473406e-01
1.394432525635e+02 1.550204008818e-01
1.394471588135e+02 1.547503620386e-01
1.394510650635e+02 1.522917747498e-01
1.394549713135e+02 1.539022177458e-01
1.394588775635e+02 1.552236825228e-01
1.394627838135e+02 1.551189720631e-01
1.394666900635e+02 1.535495817661e-01
1.394705963135e+02 1.547800004482e-01
1.394745025635e+02 1.540075540543e-01
1.394784088135e+02 1.544630527496e-01
1.394823150635e+02 1.542243659496e-01
1.394862213135e+02 1.516103744507e-01
1.394901275635e+02 1.530362218618e-01
1.394940338135e+02 1.552503854036e-01
1.394979400635e+02 1.541917175055e-01
1.395018463135e+02 1.549507677555e-01
1.395057525635e+02 1.526477485895e-01
1.395096588135e+02 1.564307808876e-01
1.395135498047e+02 1.539712995291e-01
1.395174560547e+02 1.527045667171e-01
1.395213623047e+02 1.542027741671e-01
1.395252685547e+02 1.519775092602e-01
1.395291748047e+02 1.534515321255e-01
1.395330810547e+02 1.529227048159e-01
1.395369873047e+02 1.545757055283e-01
1.395408935547e+02 1.566706746817e-01
1.395447998047e+02 1.548240631819e-01
1.395487060547e+02 1.527145802975e-01
1.395526123047e+02 1.524288207293e-01
1.395565185547e+02 1.518685519695e-01
1.395604248047e+02 1.542229950428e-01
1.395643310547e+02 1.528529524803e-01
1.395682373047e+02 1.574669033289e-01
1.395721435547e+02 1.516128927469e-01
1.395760498047e+02 1.518015563488e-01
1.395799560547e+02 1.548769026995e-01
1.395838623047e+02 1.545300036669e-01
1.395877685547e+02 1.541124731302e-01
1.395916748047e+02 1.566122621298e-01
1.395955810547e+02 1.563307642937e-01
1.395994873047e+02 1.544276475906e-01
1.396033935547e+02 1.540841162205e-01
1.396072998047e+02 1.520282030106e-01
1.396112060547e+02 1.550543159246e-01
1.396151123047e+02 1.542132496834e-01
1.396190185547e+02 1.535845398903e-01
1.396229248047e+02 1.511737555265e-01
1.396268310547e+02 1.538838148117e-01
1.396307373047e+02 1.505403965712e-01
1.396346435547e+02 1.551516354084e-01
1.396385498047e+02 1.530433744192e-01
1.396424560547e+02 1.533367782831e-01
1.396463623047e+02 1.543531119823e-01
1.396502685547e+02 1.505363434553e-01
1.396541748047e+02 1.539478451014e-01
1.396580810547e+02 1.544693112373e-01
1.396619873047e+02 1.536899805069e-01
1.396658935547e+02 1.542100608349e-01
1.396697998047e+02 1.520666629076e-01
1.396737060547e+02 1.521169394255e-01
1.396776123047e+02 1.534689068794e-01
1.396815185547e+02 1.558593064547e-01
1.396854248047e+02 1.542226374149e-01
1.396893310547e+02 1.528239697218e-01
1.396932373047e+02 1.551743000746e-01
1.396971435547e+02 1.566511839628e-01
1.397010498047e+02 1.571984887123e-01
1.397049560547e+02 1.527687311172e-01
1.397088623047e+02 1.560269743204e-01
1.397127685547e+02 1.543956547976e-01
1.397166748047e+02 1.552502959967e-01
1.397205810547e+02 1.537431031466e-01
1.397244873047e+02 1.533282995224e-01
1.397283935547e+02 1.528025716543e-01
1.397322998047e+02 1.544521749020e-01
1.397362060547e+02 1.581573784351e-01
1.397401123047e+02 1.542922854424e-01
1.397440185547e+02 1.549499481916e-01
1.397479248047e+02 1.526722311974e-01
1.397518310547e+02 1.546014249325e-01
1.397557373047e+02 1.599364280701e-01
1.397596435547e+02 1.548968702555e-01
1.397635498047e+02 1.563449949026e-01
1.397674560547e+02 1.559258401394e-01
1.397713623047e+02 1.555327177048e-01
1.397752685547e+02 1.526685953140e-01
1.397791748047e+02 1.545895040035e-01
1.397830810547e+02 1.575080901384e-01
1.397869873047e+02 1.538220345974e-01
1.397908935547e+02 1.546441316605e-01
1.397947998047e+02 1.585915386677e-01
1.397987060547e+02 1.541913449764e-01
1.398026123047e+02 1.555427610874e-01
1.398065185547e+02 1.525734663010e-01
1.398104095459e+02 1.577452272177e-01
1.398143157959e+02 1.560508161783e-01
1.398182220459e+02 1.535660326481e-01
1.398221282959e+02 1.516379565001e-01
1.398260345459e+02 1.583853811026e-01
1.398299407959e+02 1.519093662500e-01
1.398338470459e+02 1.538917720318e-01
1.398377532959e+02 1.529806703329e-01
1.398416595459e+02 1.551214158535e-01
1.398455657959e+02 1.549198329449e-01
1.398494720459e+02 1.569693833590e-01
1.398533782959e+02 1.539505571127e-01
1.398572845459e+02 1.531763821840e-01
1.398611907959e+02 1.550126820803e-01
1.398650970459e+02 1.557848751545e-01
1.398690032959e+02 1.529117375612e-01
1.398729095459e+02 1.565472930670e-01
1.398768157959e+02 1.527019441128e-01
1.398807220459e+02 1.551327705383e-01
1.398846282959e+02 1.549605578184e-01
1.398885345459e+02 1.568027138710e-01
1.398924407959e+02 1.543730646372e-01
1.398963470459e+02 1.560952514410e-01
1.399002532959e+02 1.528221070766e-01
1.399041595459e+02 1.544709205627e-01
1.399080657959e+02 1.537310779095e-01
1.399119720459e+02 1.538245230913e-01
1.399158782959e+02 1.558446884155e-01
1.399197845459e+02 1.566025465727e-01
1.399236907959e+02 1.555388569832e-01
1.399275970459e+02 1.502709686756e-01
1.399315032959e+02 1.525211334229e-01
1.399354095459e+02 1.507082432508e-01
1.399393157959e+02 1.565758436918e-01
1.399432220459e+02 1.548323035240e-01
1.399471282959e+02 1.568887233734e-01
1.399510345459e+02 1.542626172304e-01
1.399549407959e+02 1.584904640913e-01
1.399588470459e+02 1.538310796022e-01
1.399627532959e+02 1.560052782297e-01
1.399666595459e+02 1.540810912848e-01
1.399705657959e+02 1.532694250345e-01
1.399744720459e+02 1.521528065205e-01
1.399783782959e+02 1.553461998701e-01
1.399822845459e+02 1.542626470327e-01
1.399861907959e+02 1.525424867868e-01
1.399900970459e+02 1.509257107973e-01
1.399940032959e+02 1.533827036619e-01
1.399979095459e+02 1.537476927042e-01
1.400018157959e+02 1.532210409641e-01
1.400057220459e+02 1.537672281265e-01
1.400096282959e+02 1.548169404268e-01
1.400135345459e+02 1.557968854904e-01
1.400174407959e+02 1.563182920218e-01
1.400213470459e+02 1.555811762810e-01
1.400252532959e+02 1.553575396538e-01
1.400291595459e+02 1.547639667988e-01
1.400330657959e+02 1.552266776562e-01
1.400369720459e+02 1.543327271938e-01
1.400408782959e+02 1.556826829910e-01
1.400447845459e+02 1.542365252972e-01
1.400486907959e+02 1.588013470173e-01
1.400525970459e+02 1.514965742826e-01
1.400565032959e+02 1.562697887421e-01
1.400604095459e+02 1.557302474976e-01
1.400643157959e+02 1.519010066986e-01
1.400682220459e+02 1.552025973797e-01
1.400721282959e+02 1.548115909100e-01
1.400760345459e+02 1.556035578251e-01
1.400799407959e+02 1.565462499857e-01
1.400838470459e+02 1.557840704918e-01
1.400877532959e+02 1.541051268578e-01
1.400916595459e+02 1.550129652023e-01
1.400955657959e+02 1.536023765802e-01
1.400994720459e+02 1.554188132286e-01
1.401033782959e+02 1.511207520962e-01
1.401072692871e+02 1.520617604256e-01
1.401111755371e+02 1.530947983265e-01
1.401150817871e+02 1.524634063244e-01
