#title: Spectral profile - J0243-0550_SPW3.image-raster
#region (world): Point[[02:43:12.469, -05d50m55.296]]
#region (pixel): Point[[64, 64]]
#coordinate: world
#xLabel: frequency [GHz]
#yLabel: [Jy/beam] Mean

# J0243-0550_SPW3.image-raster
1.398797454834e+02 1.541770398617e-01
1.398836517334e+02 1.517936438322e-01
1.398875579834e+02 1.545718759298e-01
1.398914642334e+02 1.548551470041e-01
1.398953704834e+02 1.551176458597e-01
1.398992767334e+02 1.548401713371e-01
1.399031829834e+02 1.565202921629e-01
1.399070892334e+02 1.515576094389e-01
1.399109954834e+02 1.529776901007e-01
1.399149017334e+02 1.536517888308e-01
1.399188079834e+02 1.579111367464e-01
1.399227142334e+02 1.520678848028e-01
1.399266204834e+02 1.517685502768e-01
1.399305267334e+02 1.532377153635e-01
1.399344329834e+02 1.533359438181e-01
1.399383392334e+02 1.535056978464e-01
1.399422454834e+02 1.549210995436e-01
1.399461517334e+02 1.560318320990e-01
1.399500579834e+02 1.553834378719e-01
1.399539642334e+02 1.552353203297e-01
1.399578704834e+02 1.520224809647e-01
1.399617767334e+02 1.551258116961e-01
1.399656829834e+02 1.549808532000e-01
1.399695892334e+02 1.541287153959e-01
1.399734954834e+02 1.518796086311e-01
1.399774017334e+02 1.527003794909e-01
1.399813079834e+02 1.531727463007e-01
1.399852142334e+02 1.526236087084e-01
1.399891204834e+02 1.527180969715e-01
1.399930267334e+02 1.530111730099e-01
1.399969329834e+02 1.538266837597e-01
1.400008392334e+02 1.514416188002e-01
1.400047454834e+02 1.525319963694e-01
1.400086364746e+02 1.549203246832e-01
1.400125427246e+02 1.544689387083e-01
1.400164489746e+02 1.551215350628e-01
1.400203552246e+02 1.555372029543e-01
1.400242614746e+02 1.551649421453e-01
1.400281677246e+02 1.540404558182e-01
1.400320739746e+02 1.534334868193e-01
1.400359802246e+02 1.548546552658e-01
1.400398864746e+02 1.559144705534e-01
1.400437927246e+02 1.532021313906e-01
1.400476989746e+02 1.558539867401e-01
1.400516052246e+02 1.524028778076e-01
1.400555114746e+02 1.554086506367e-01
1.400594177246e+02 1.518940776587e-01
1.400633239746e+02 1.514430195093e-01
1.400672302246e+02 1.553395837545e-01
1.400711364746e+02 1.549511700869e-01
1.400750427246e+02 1.561634093523e-01
1.400789489746e+02 1.545935720205e-01
1.400828552246e+02 1.563379168510e-01
1.400867614746e+02 1.518407016993e-01
1.400906677246e+02 1.538091301918e-01
1.400945739746e+02 1.538963466883e-01
1.400984802246e+02 1.544758975506e-01
1.401023864746e+02 1.536703854799e-01
1.401062927246e+02 1.568660736084e-01
1.401101989746e+02 1.519787460566e-01
1.401141052246e+02 1.519389003515e-01
1.401180114746e+02 1.533451378345e-01
1.401219177246e+02 1.517142057419e-01
1.401258239746e+02 1.508003324270e-01
1.401297302246e+02 1.519088447094e-01
1.401336364746e+02 1.537409275770e-01
1.401375427246e+02 1.520703285933e-01
1.401414489746e+02 1.534971445799e-01
1.401453552246e+02 1.541262716055e-01
1.401492614746e+02 1.553749591112e-01
1.401531677246e+02 1.525263488293e-01
1.401570739746e+02 1.501285284758e-01
1.401609802246e+02 1.541977077723e-01
1.401648864746e+02 1.540024876595e-01
1.401687927246e+02 1.528301686049e-01
1.401726989746e+02 1.555120199919e-01
1.401766052246e+02 1.556547731161e-01
1.401805114746e+02 1.527732759714e-01
1.401844177246e+02 1.531538963318e-01
1.401883239746e+02 1.543761640787e-01
1.401922302246e+02 1.543308645487e-01
1.401961364746e+02 1.557768285275e-01
1.402000427246e+02 1.542256325483e-01
1.402039489746e+02 1.559877544641e-01
1.402078552246e+02 1.543542891741e-01
1.402117614746e+02 1.521984487772e-01
1.402156677246e+02 1.555536389351e-01
1.402195739746e+02 1.543136388063e-01
1.402234802246e+02 1.534824967384e-01
1.402273864746e+02 1.535095721483e-01
1.402312927246e+02 1.536692231894e-01
1.402351989746e+02 1.511672586203e-01
1.402391052246e+02 1.546973735094e-01
1.402430114746e+02 1.558574140072e-01
1.402469177246e+02 1.535927206278e-01
1.402508239746e+02 1.560628265142e-01
1.402547302246e+02 1.556905508041e-01
1.402586364746e+02 1.517521440983e-01
1.402625427246e+02 1.522889584303e-01
1.402664489746e+02 1.508340388536e-01
1.402703552246e+02 1.576366424561e-01
1.402742614746e+02 1.572430580854e-01
1.402781677246e+02 1.554480493069e-01
1.402820739746e+02 1.570832431316e-01
1.402859802246e+02 1.571593731642e-01
1.402898864746e+02 1.544940024614e-01
1.402937927246e+02 1.539195477962e-01
1.402976989746e+02 1.515465825796e-01
1.403016052246e+02 1.515967398882e-01
1.403054962158e+02 1.529561281204e-01
1.403094024658e+02 1.548762470484e-01
1.403133087158e+02 1.561080962420e-01
1.403172149658e+02 1.551762372255e-01
1.403211212158e+02 1.530365049839e-01
1.403250274658e+02 1.535425782204e-01
1.403289337158e+02 1.544970422983e-01
1.403328399658e+02 1.520352661610e-01
1.403367462158e+02 1.544423997402e-01
1.403406524658e+02 1.551079303026e-01
1.403445587158e+02 1.573036611080e-01
1.403484649658e+02 1.550650447607e-01
1.403523712158e+02 1.563111841679e-01
1.403562774658e+02 1.525985896587e-01
1.403601837158e+02 1.556105166674e-01
1.403640899658e+02 1.551346033812e-01
1.403679962158e+02 1.579801887274e-01
1.403719024658e+02 1.534473747015e-01
1.403758087158e+02 1.514467746019e-01
1.403797149658e+02 1.531418263912e-01
1.403836212158e+02 1.528203040361e-01
1.403875274658e+02 1.549863070250e-01
1.403914337158e+02 1.514541208744e-01
1.403953399658e+02 1.569704264402e-01
1.403992462158e+02 1.541354358196e-01
1.404031524658e+02 1.537553369999e-01
1.404070587158e+02 1.556808203459e-01
1.404109649658e+02 1.545947492123e-01
1.404148712158e+02 1.543466150761e-01
1.404187774658e+02 1.556288897991e-01
1.404226837158e+02 1.559739708900e-01
1.404265899658e+02 1.545055359602e-01
1.404304962158e+02 1.519105732441e-01
1.404344024658e+02 1.541984230280e-01
1.404383087158e+02 1.547337770462e-01
1.404422149658e+02 1.535983383656e-01
1.404461212158e+02 1.527441293001e-01
1.404500274658e+02 1.535315513611e-01
1.404539337158e+02 1.530036628246e-01
1.404578399658e+02 1.550610810518e-01
1.404617462158e+02 1.491220742464e-01
1.404656524658e+02 1.547896414995e-01
1.404695587158e+02 1.524702310562e-01
1.404734649658e+02 1.546320170164e-01
1.404773712158e+02 1.547497808933e-01
1.404812774658e+02 1.537594944239e-01
1.404851837158e+02 1.541053652763e-01
1.404890899658e+02 1.504861265421e-01
1.404929962158e+02 1.534630805254e-01
1.404969024658e+02 1.557015925646e-01
1.405008087158e+02 1.566428244114e-01
1.405047149658e+02 1.536288410425e-01
1.405086212158e+02 1.556773781776e-01
1.405125274658e+02 1.550130248070e-01
1.405164337158e+02 1.531198769808e-01
1.405203399658e+02 1.514026224613e-01
1.405242462158e+02 1.551961898804e-01
1.405281524658e+02 1.538008302450e-01
1.405320587158e+02 1.525337249041e-01
1.405359649658e+02 1.527797579765e-01
1.405398712158e+02 1.549249291420e-01
1.405437774658e+02 1.546076834202e-01
1.405476837158e+02 1.558327227831e-01
1.405515899658e+02 1.558705568314e-01
1.405554962158e+02 1.552669107914e-01
1.405594024658e+02 1.539770960808e-01
1.405633087158e+02 1.555710881948e-01
1.405672149658e+02 1.543022394180e-01
1.405711212158e+02 1.527747213840e-01
1.405750274658e+02 1.518084406853e-01
1.405789337158e+02 1.545386612415e-01
1.405828399658e+02 1.524716764688e-01
1.405867462158e+02 1.549424082041e-01
1.405906524658e+02 1.550568938255e-01
1.405945587158e+02 1.552242785692e-01
1.405984649658e+02 1.536302268505e-01
1.406023559570e+02 1.559136956930e-01
1.406062622070e+02 1.545203924179e-01
1.406101684570e+02 1.537086218596e-01
1.406140747070e+02 1.533331274986e-01
1.406179809570e+02 1.555274873972e-01
1.406218872070e+02 1.532055139542e-01
1.406257934570e+02 1.548538953066e-01
1.406296997070e+02 1.548840552568e-01
1.406336059570e+02 1.557962149382e-01
1.406375122070e+02 1.544348299503e-01
1.406414184570e+02 1.531552523375e-01
1.406453247070e+02 1.549355536699e-01
1.406492309570e+02 1.538429260254e-01
1.406531372070e+02 1.542717963457e-01
1.406570434570e+02 1.545533835888e-01
1.406609497070e+02 1.532723605633e-01
1.406648559570e+02 1.542861163616e-01
1.406687622070e+02 1.549408733845e-01
1.406726684570e+02 1.574124246836e-01
1.406765747070e+02 1.534615010023e-01
1.406804809570e+02 1.520590633154e-01
1.406843872070e+02 1.532046347857e-01
1.406882934570e+02 1.529790908098e-01
1.406921997070e+02 1.519251316786e-01
1.406961059570e+02 1.541226804256e-01
1.407000122070e+02 1.558719426394e-01
1.407039184570e+02 1.573164165020e-01
1.407078247070e+02 1.567063331604e-01
1.407117309570e+02 1.554074883461e-01
1.407156372070e+02 1.519945710897e-01
1.407195434570e+02 1.556734889746e-01
1.407234497070e+02 1.559770703316e-01
1.407273559570e+02 1.531896293163e-01
1.407312622070e+02 1.558271050453e-01
1.407351684570e+02 1.537447273731e-01
1.407390747070e+02 1.534766703844e-01
1.407429809570e+02 1.571112424135e-01
1.407468872070e+02 1.540448963642e-01
1.407507934570e+02 1.560547202826e-01
1.407546997070e+02 1.551488488913e-01
1.407586059570e+02 1.521164923906e-01
1.407625122070e+02 1.530460417271e-01
1.407664184570e+02 1.523363888264e-01
1.407703247070e+02 1.555101275444e-01
1.407742309570e+02 1.548619270325e-01
1.407781372070e+02 1.542141586542e-01
1.407820434570e+02 1.531833559275e-01
1.407859497070e+02 1.559477001429e-01
1.407898559570e+02 1.540063768625e-01
1.407937622070e+02 1.563038527966e-01
1.407976684570e+02 1.547585576773e-01
1.408015747070e+02 1.557868272066e-01
1.408054809570e+02 1.533918231726e-01
1.408093872070e+02 1.522648483515e-01
1.408132934570e+02 1.562836319208e-01
1.408171997070e+02 1.554404497147e-01
1.408211059570e+02 1.525072455406e-01
1.408250122070e+02 1.559727340937e-01
1.408289184570e+02 1.527996510267e-01
1.408328247070e+02 1.520747691393e-01
1.408367309570e+02 1.553383171558e-01
1.408406372070e+02 1.562019139528e-01
1.408445434570e+02 1.543313711882e-01
1.408484497070e+02 1.544551998377e-01
1.408523559570e+02 1.520647257566e-01
1.408562622070e+02 1.510491967201e-01
1.408601684570e+02 1.518394500017e-01
1.408640747070e+02 1.518907397985e-01
1.408679809570e+02 1.497255712748e-01
1.408718872070e+02 1.516069918871e-01
1.408757934570e+02 1.541450619698e-01
1.408796997070e+02 1.544421613216e-01
1.408836059570e+02 1.565764844418e-01
1.408875122070e+02 1.553160101175e-01
1.408914184570e+02 1.521861553192e-01
1.408953247070e+02 1.539444327354e-01
1.408992156982e+02 1.527130901814e-01
1.409031219482e+02 1.545248031616e-01
1.409070281982e+02 1.562972366810e-01
1.409109344482e+02 1.522944420576e-01
1.409148406982e+02 1.552796363831e-01
1.409187469482e+02 1.569314599037e-01
1.409226531982e+02 1.533803343773e-01
1.409265594482e+02 1.540765613317e-01
1.409304656982e+02 1.535117328167e-01
1.409343719482e+02 1.538783758879e-01
1.409382781982e+02 1.575394570827e-01
1.409421844482e+02 1.535677462816e-01
1.409460906982e+02 1.540695428848e-01
1.409499969482e+02 1.545540839434e-01
1.409539031982e+02 1.539738476276e-01
1.409578094482e+02 1.543056666851e-01
1.409617156982e+02 1.551921367645e-01
1.409656219482e+02 1.545614302158e-01
1.409695281982e+02 1.524365246296e-01
1.409734344482e+02 1.557801961899e-01
1.409773406982e+02 1.560001969337e-01
1.409812469482e+02 1.532869786024e-01
1.409851531982e+02 1.536137759686e-01
1.409890594482e+02 1.516036987305e-01
1.409929656982e+02 1.530987173319e-01
1.409968719482e+02 1.568019837141e-01
1.410007781982e+02 1.534661352634e-01
1.410046844482e+02 1.537510007620e-01
1.410085906982e+02 1.520367413759e-01
1.410124969482e+02 1.530396193266e-01
1.410164031982e+02 1.542893201113e-01
1.410203094482e+02 1.523017436266e-01
1.410242156982e+02 1.560694128275e-01
1.410281219482e+02 1.525691151619e-01
1.410320281982e+02 1.518842875957e-01
1.410359344482e+02 1.496393829584e-01
1.410398406982e+02 1.520815342665e-01
1.410437469482e+02 1.536194980145e-01
1.410476531982e+02 1.550703197718e-01
1.410515594482e+02 1.518194973469e-01
1.410554656982e+02 1.559238731861e-01
1.410593719482e+02 1.571193337440e-01
1.410632781982e+02 1.527380496264e-01
1.410671844482e+02 1.533551514149e-01
1.410710906982e+02 1.571171134710e-01
1.410749969482e+02 1.559229791164e-01
1.410789031982e+02 1.525122523308e-01
1.410828094482e+02 1.533366590738e-01
1.410867156982e+02 1.537218838930e-01
1.410906219482e+02 1.556999236345e-01
1.410945281982e+02 1.557793915272e-01
1.410984344482e+02 1.527436375618e-01
1.411023406982e+02 1.520840376616e-01
1.411062469482e+02 1.535245478153e-01
1.411101531982e+02 1.526287049055e-01
1.411140594482e+02 1.535021662712e-01
1.411179656982e+02 1.522374004126e-01
1.411218719482e+02 1.546898484230e-01
1.411257781982e+02 1.564216911793e-01
1.411296844482e+02 1.518402844667e-01
1.411335906982e+02 1.525413691998e-01
1.411374969482e+02 1.561080366373e-01
1.411414031982e+02 1.545522361994e-01
1.411453094482e+02 1.501871049404e-01
1.411492156982e+02 1.536538153887e-01
1.411531219482e+02 1.557790040970e-01
1.411570281982e+02 1.560265272856e-01
1.411609344482e+02 1.534781455994e-01
1.411648406982e+02 1.575313508511e-01
1.411687469482e+02 1.509184539318e-01
1.411726531982e+02 1.527983248234e-01
1.411765594482e+02 1.543056070805e-01
1.411804656982e+02 1.538445055485e-01
1.411843719482e+02 1.525625884533e-01
1.411882781982e+02 1.543600410223e-01
1.411921844482e+02 1.527417004108e-01
1.411960754395e+02 1.513969302177e-01
1.411999816895e+02 1.544549167156e-01
1.412038879395e+02 1.545793414116e-01
1.412077941895e+02 1.553690582514e-01
1.412117004395e+02 1.549389809370e-01
1.412156066895e+02 1.539853662252e-01
1.412195129395e+02 1.558475196362e-01
1.412234191895e+02 1.546331644058e-01
1.412273254395e+02 1.540074348450e-01
1.412312316895e+02 1.548681408167e-01
1.412351379395e+02 1.549808084965e-01
1.412390441895e+02 1.522372066975e-01
1.412429504395e+02 1.554435342550e-01
1.412468566895e+02 1.523343026638e-01
1.412507629395e+02 1.512212306261e-01
1.412546691895e+02 1.505796611309e-01
1.412585754395e+02 1.541506052017e-01
1.412624816895e+02 1.541617512703e-01
1.412663879395e+02 1.538565009832e-01
1.412702941895e+02 1.537148654461e-01
1.412742004395e+02 1.522568464279e-01
1.412781066895e+02 1.561334729195e-01
1.412820129395e+02 1.504888981581e-01
1.412859191895e+02 1.530792862177e-01
1.412898254395e+02 1.492224633694e-01
1.412937316895e+02 1.562611162663e-01
1.412976379395e+02 1.545888483524e-01
1.413015441895e+02 1.541403383017e-01
1.413054504395e+02 1.530003696680e-01
1.413093566895e+02 1.539700925350e-01
1.413132629395e+02 1.535432338715e-01
1.413171691895e+02 1.570169776678e-01
1.413210754395e+02 1.512567996979e-01
1.413249816895e+02 1.522120237350e-01
1.413288879395e+02 1.560718715191e-01
1.413327941895e+02 1.525361537933e-01
1.413367004395e+02 1.533488482237e-01
1.413406066895e+02 1.542972177267e-01
1.413445129395e+02 1.562035232782e-01
1.413484191895e+02 1.516993492842e-01
1.413523254395e+02 1.555475890636e-01
1.413562316895e+02 1.547351777554e-01
1.413601379395e+02 1.548275947571e-01
1.413640441895e+02 1.494813412428e-01
1.413679504395e+02 1.542407125235e-01
1.413718566895e+02 1.511383652687e-01
1.413757629395e+02 1.548974961042e-01
1.413796691895e+02 1.534724831581e-01
1.413835754395e+02 1.559551507235e-01
1.413874816895e+02 1.558294892311e-01
1.413913879395e+02 1.523037850857e-01
1.413952941895e+02 1.566530913115e-01
1.413992004395e+02 1.555542200804e-01
1.414031066895e+02 1.556486040354e-01
1.414070129395e+02 1.533764153719e-01
1.414109191895e+02 1.542538702488e-01
1.414148254395e+02 1.541194319725e-01
1.414187316895e+02 1.517262309790e-01
1.414226379395e+02 1.502453237772e-01
1.414265441895e+02 1.549158543348e-01
1.414304504395e+02 1.548349708319e-01
1.414343566895e+02 1.559120714664e-01
1.414382629395e+02 1.576700061560e-01
1.414421691895e+02 1.563171148300e-01
1.414460754395e+02 1.524340659380e-01
1.414499816895e+02 1.534438133240e-01
1.414538879395e+02 1.547825783491e-01
1.414577941895e+02 1.527747362852e-01
1.414617004395e+02 1.551856845617e-01
1.414656066895e+02 1.532536298037e-01
1.414695129395e+02 1.524930000305e-01
1.414734191895e+02 1.542546302080e-01
1.414773254395e+02 1.538957357407e-01
1.414812316895e+02 1.533469557762e-01
1.414851379395e+02 1.532443761826e-01
1.414890441895e+02 1.547085046768e-01
1.414929351807e+02 1.551982760429e-01
1.414968414307e+02 1.540681868792e-01
1.415007476807e+02 1.553224772215e-01
1.415046539307e+02 1.564701646566e-01
1.415085601807e+02 1.543454229832e-01
1.415124664307e+02 1.536490917206e-01
1.415163726807e+02 1.536400914192e-01
1.415202789307e+02 1.518907845020e-01
1.415241851807e+02 1.524585485458e-01
1.415280914307e+02 1.538469940424e-01
1.415319976807e+02 1.520501673222e-01
1.415359039307e+02 1.517435163260e-01
1.415398101807e+02 1.535384953022e-01
1.415437164307e+02 1.550347208977e-01
1.415476226807e+02 1.527868360281e-01
1.415515289307e+02 1.505440026522e-01
1.415554351807e+02 1.557814925909e-01
1.415593414307e+02 1.546765267849e-01
1.415632476807e+02 1.540915518999e-01
1.415671539307e+02 1.567846387625e-01
1.415710601807e+02 1.533405333757e-01
1.415749664307e+02 1.525813192129e-01
1.415788726807e+02 1.514150500298e-01
1.415827789307e+02 1.572442650795e-01
1.415866851807e+02 1.535513103008e-01
1.415905914307e+02 1.514046043158e-01
1.415944976807e+02 1.547644734383e-01
1.415984039307e+02 1.538817137480e-01
1.416023101807e+02 1.530121117830e-01
1.416062164307e+02 1.562661975622e-01
1.416101226807e+02 1.552272588015e-01
1.416140289307e+02 1.528020203114e-01
1.416179351807e+02 1.539870500565e-01
1.416218414307e+02 1.529686748981e-01
1.416257476807e+02 1.552938669920e-01
1.416296539307e+02 1.527932286263e-01
1.416335601807e+02 1.526716798544e-01
1.416374664307e+02 1.544418334961e-01
1.416413726807e+02 1.524199545383e-01
1.416452789307e+02 1.537118256092e-01
1.416491851807e+02 1.581081002951e-01
1.416530914307e+02 1.522843986750e-01
1.416569976807e+02 1.507132053375e-01
1.416609039307e+02 1.534485369921e-01
1.416648101807e+02 1.540810167789e-01
1.416687164307e+02 1.519383937120e-01
1.416726226807e+02 1.511271595955e-01
1.416765289307e+02 1.530107855797e-01
1.416804351807e+02 1.536508947611e-01
1.416843414307e+02 1.545338034630e-01
1.416882476807e+02 1.553051769733e-01
1.416921539307e+02 1.498048752546e-01
1.416960601807e+02 1.528252065182e-01
1.416999664307e+02 1.487578302622e-01
1.417038726807e+02 1.550144404173e-01
1.417077789307e+02 1.537490487099e-01
1.417116851807e+02 1.535402387381e-01
1.417155914307e+02 1.571466028690e-01
1.417194976807e+02 1.517098993063e-01
1.417234039307e+02 1.565237641335e-01
1.417273101807e+02 1.547278612852e-01
1.417312164307e+02 1.543277204037e-01
1.417351226807e+02 1.500114500523e-01
1.417390289307e+02 1.560258865356e-01
1.417429351807e+02 1.506970822811e-01
