#title: Spectral profile - J0243-0550_SPW2.image-raster
#region (world): Point[[02:43:12.469, -05d50m55.296]]
#region (pixel): Point[[64, 64]]
#coordinate: world
#xLabel: frequency [GHz]
#yLabel: [Jy/beam] Mean

# J0243-0550_SPW2.image-raster
9.696022796631e+01 1.868882030249e-01
9.696413421631e+01 1.843542903662e-01
9.696804046631e+01 1.846445202827e-01
9.697194671631e+01 1.860323250294e-01
9.697585296631e+01 1.857403665781e-01
9.697975921631e+01 1.867429763079e-01
9.698366546631e+01 1.891461610794e-01
9.698757171631e+01 1.859991699457e-01
9.699147796631e+01 1.860566884279e-01
9.699538421631e+01 1.845542341471e-01
9.699929046631e+01 1.849983632565e-01
9.700319671631e+01 1.856014430523e-01
9.700710296631e+01 1.853471100330e-01
9.701100921631e+01 1.859910041094e-01
9.701491546631e+01 1.851272583008e-01
9.701882171631e+01 1.845563799143e-01
9.702272796631e+01 1.851426661015e-01
9.702663421631e+01 1.849454045296e-01
9.703054046631e+01 1.863239556551e-01
9.703444671631e+01 1.855891197920e-01
9.703835296631e+01 1.867683380842e-01
9.704225921631e+01 1.844590902328e-01
9.704616546631e+01 1.865955889225e-01
9.705006408691e+01 1.850046217442e-01
9.705397033691e+01 1.876100897789e-01
9.705787658691e+01 1.865867674351e-01
9.706178283691e+01 1.856343895197e-01
9.706568908691e+01 1.857825964689e-01
9.706959533691e+01 1.833259761333e-01
9.707350158691e+01 1.853116601706e-01
9.707740783691e+01 1.868993192911e-01
9.708131408691e+01 1.842523366213e-01
9.708522033691e+01 1.861677318811e-01
9.708912658691e+01 1.873243004084e-01
9.709303283691e+01 1.837872713804e-01
9.709693908691e+01 1.857189983130e-01
9.710084533691e+01 1.863392144442e-01
9.710475158691e+01 1.847197264433e-01
9.710865783691e+01 1.856575161219e-01
9.711256408691e+01 1.869753748178e-01
9.711647033691e+01 1.856607943773e-01
9.712037658691e+01 1.863027065992e-01
9.712428283691e+01 1.852373182774e-01
9.712818908691e+01 1.857737600803e-01
9.713209533691e+01 1.862859576941e-01
9.713600158691e+01 1.851339191198e-01
9.713990783691e+01 1.871200203896e-01
9.714381408691e+01 1.894629597664e-01
9.714772033691e+01 1.893565654755e-01
9.715162658691e+01 1.837445646524e-01
9.715553283691e+01 1.856380701065e-01
9.715943908691e+01 1.883803308010e-01
9.716334533691e+01 1.853629797697e-01
9.716725158691e+01 1.870483607054e-01
9.717115783691e+01 1.854940056801e-01
9.717506408691e+01 1.862798035145e-01
9.717897033691e+01 1.857311278582e-01
9.718287658691e+01 1.884388923645e-01
9.718678283691e+01 1.853642165661e-01
9.719068908691e+01 1.842895299196e-01
9.719459533691e+01 1.858403086662e-01
9.719849395752e+01 1.847383081913e-01
9.720240020752e+01 1.851618736982e-01
9.720630645752e+01 1.881042420864e-01
9.721021270752e+01 1.858252733946e-01
9.721411895752e+01 1.861320286989e-01
9.721802520752e+01 1.840396523476e-01
9.722193145752e+01 1.858589798212e-01
9.722583770752e+01 1.868088245392e-01
9.722974395752e+01 1.861932426691e-01
9.723365020752e+01 1.870775073767e-01
9.723755645752e+01 1.878021955490e-01
9.724146270752e+01 1.859892606735e-01
9.724536895752e+01 1.886134594679e-01
9.724927520752e+01 1.861936599016e-01
9.725318145752e+01 1.851945966482e-01
9.725708770752e+01 1.863150745630e-01
9.726099395752e+01 1.842097938061e-01
9.726490020752e+01 1.854008585215e-01
9.726880645752e+01 1.855272501707e-01
9.727271270752e+01 1.840478181839e-01
9.727661895752e+01 1.862431466579e-01
9.728052520752e+01 1.860366165638e-01
9.728443145752e+01 1.863982826471e-01
9.728833770752e+01 1.851325929165e-01
9.729224395752e+01 1.847884356976e-01
9.729615020752e+01 1.841204166412e-01
9.730005645752e+01 1.878106296062e-01
9.730396270752e+01 1.852278560400e-01
9.730786895752e+01 1.858356595039e-01
9.731177520752e+01 1.844605207443e-01
9.731568145752e+01 1.835251301527e-01
9.731958770752e+01 1.846696287394e-01
9.732349395752e+01 1.841153204441e-01
9.732740020752e+01 1.865006834269e-01
9.733130645752e+01 1.863861531019e-01
9.733521270752e+01 1.842847168446e-01
9.733911895752e+01 1.875429749489e-01
9.734301757812e+01 1.869410276413e-01
9.734692382812e+01 1.868057698011e-01
9.735083007812e+01 1.879348754883e-01
9.735473632812e+01 1.866552978754e-01
9.735864257812e+01 1.865899413824e-01
9.736254882812e+01 1.860634833574e-01
9.736645507812e+01 1.841271221638e-01
9.737036132812e+01 1.862037181854e-01
9.737426757812e+01 1.842791438103e-01
9.737817382812e+01 1.839508116245e-01
9.738208007812e+01 1.856816411018e-01
9.738598632812e+01 1.834826469421e-01
9.738989257812e+01 1.858253926039e-01
9.739379882812e+01 1.858561486006e-01
9.739770507812e+01 1.875431686640e-01
9.740161132812e+01 1.854063272476e-01
9.740551757812e+01 1.861433833838e-01
9.740942382812e+01 1.848505437374e-01
9.741333007812e+01 1.857968270779e-01
9.741723632812e+01 1.856721788645e-01
9.742114257812e+01 1.868026703596e-01
9.742504882812e+01 1.860630661249e-01
9.742895507812e+01 1.861772835255e-01
9.743286132812e+01 1.861194819212e-01
9.743676757812e+01 1.854542940855e-01
9.744067382812e+01 1.842993646860e-01
9.744458007812e+01 1.869519352913e-01
9.744848632812e+01 1.853667348623e-01
9.745239257812e+01 1.845059394836e-01
9.745629882812e+01 1.874264925718e-01
9.746020507812e+01 1.858174353838e-01
9.746411132812e+01 1.845410615206e-01
9.746801757812e+01 1.844204813242e-01
9.747192382812e+01 1.855131089687e-01
9.747583007812e+01 1.857843548059e-01
9.747973632812e+01 1.841025948524e-01
9.748364257812e+01 1.870451271534e-01
9.748754882812e+01 1.857786774635e-01
9.749144744873e+01 1.852479279041e-01
9.749535369873e+01 1.858984380960e-01
9.749925994873e+01 1.825864613056e-01
9.750316619873e+01 1.870560795069e-01
9.750707244873e+01 1.863682121038e-01
9.751097869873e+01 1.871398538351e-01
9.751488494873e+01 1.878115236759e-01
9.751879119873e+01 1.849160939455e-01
9.752269744873e+01 1.861975789070e-01
9.752660369873e+01 1.866246759892e-01
9.753050994873e+01 1.853337585926e-01
9.753441619873e+01 1.844259351492e-01
9.753832244873e+01 1.874241381884e-01
9.754222869873e+01 1.866730004549e-01
9.754613494873e+01 1.879944503307e-01
9.755004119873e+01 1.836594343185e-01
9.755394744873e+01 1.870910227299e-01
9.755785369873e+01 1.857850998640e-01
9.756175994873e+01 1.852218508720e-01
9.756566619873e+01 1.861140429974e-01
9.756957244873e+01 1.877102106810e-01
9.757347869873e+01 1.841920167208e-01
9.757738494873e+01 1.848573684692e-01
9.758129119873e+01 1.865394115448e-01
9.758519744873e+01 1.844397634268e-01
9.758910369873e+01 1.852913200855e-01
9.759300994873e+01 1.849674582481e-01
9.759691619873e+01 1.852899938822e-01
9.760082244873e+01 1.856970041990e-01
9.760472869873e+01 1.855906993151e-01
9.760863494873e+01 1.858102381229e-01
9.761254119873e+01 1.874131709337e-01
9.761644744873e+01 1.831345111132e-01
9.762035369873e+01 1.862111985683e-01
9.762425994873e+01 1.845396161079e-01
9.762816619873e+01 1.861658394337e-01
9.763207244873e+01 1.875413209200e-01
9.763597106934e+01 1.874396502972e-01
9.763987731934e+01 1.866076141596e-01
9.764378356934e+01 1.852105110884e-01
9.764768981934e+01 1.846398562193e-01
9.765159606934e+01 1.852343529463e-01
9.765550231934e+01 1.870975196362e-01
9.765940856934e+01 1.871458739042e-01
9.766331481934e+01 1.861167103052e-01
9.766722106934e+01 1.853058934212e-01
9.767112731934e+01 1.852921396494e-01
9.767503356934e+01 1.849967986345e-01
9.767893981934e+01 1.827704459429e-01
9.768284606934e+01 1.876456141472e-01
9.768675231934e+01 1.857278794050e-01
9.769065856934e+01 1.861136704683e-01
9.769456481934e+01 1.863351017237e-01
9.769847106934e+01 1.846674233675e-01
9.770237731934e+01 1.853259056807e-01
9.770628356934e+01 1.857795864344e-01
9.771018981934e+01 1.862788349390e-01
9.771409606934e+01 1.862335503101e-01
9.771800231934e+01 1.882061660290e-01
9.772190856934e+01 1.855021417141e-01
9.772581481934e+01 1.866378188133e-01
9.772972106934e+01 1.866625100374e-01
9.773362731934e+01 1.863287091255e-01
9.773753356934e+01 1.873038560152e-01
9.774143981934e+01 1.861459612846e-01
9.774534606934e+01 1.852573454380e-01
9.774925231934e+01 1.859941631556e-01
9.775315856934e+01 1.832660883665e-01
9.775706481934e+01 1.868111789227e-01
9.776097106934e+01 1.856228113174e-01
9.776487731934e+01 1.869729310274e-01
9.776878356934e+01 1.865129321814e-01
9.777268981934e+01 1.856704652309e-01
9.777659606934e+01 1.833266913891e-01
9.778050231934e+01 1.864111274481e-01
9.778440093994e+01 1.862411797047e-01
9.778830718994e+01 1.859114766121e-01
9.779221343994e+01 1.852453351021e-01
9.779611968994e+01 1.832038313150e-01
9.780002593994e+01 1.829827278852e-01
9.780393218994e+01 1.866073608398e-01
9.780783843994e+01 1.861087679863e-01
9.781174468994e+01 1.853062361479e-01
9.781565093994e+01 1.870682984591e-01
9.781955718994e+01 1.847977042198e-01
9.782346343994e+01 1.848209500313e-01
9.782736968994e+01 1.862224638462e-01
9.783127593994e+01 1.841387450695e-01
9.783518218994e+01 1.842688173056e-01
9.783908843994e+01 1.840976625681e-01
9.784299468994e+01 1.864455640316e-01
9.784690093994e+01 1.869266331196e-01
9.785080718994e+01 1.849094033241e-01
9.785471343994e+01 1.854737848043e-01
9.785861968994e+01 1.871216297150e-01
9.786252593994e+01 1.856135278940e-01
9.786643218994e+01 1.868021339178e-01
9.787033843994e+01 1.846584975719e-01
9.787424468994e+01 1.873139888048e-01
9.787815093994e+01 1.837714314461e-01
9.788205718994e+01 1.849808096886e-01
9.788596343994e+01 1.817672252655e-01
9.788986968994e+01 1.853608787060e-01
9.789377593994e+01 1.858442574739e-01
9.789768218994e+01 1.864645034075e-01
9.790158843994e+01 1.866039186716e-01
9.790549468994e+01 1.849134713411e-01
9.790940093994e+01 1.841473877430e-01
9.791330718994e+01 1.838155388832e-01
9.791721343994e+01 1.844588667154e-01
9.792111968994e+01 1.856352090836e-01
9.792502593994e+01 1.864461898804e-01
9.792892456055e+01 1.861138939857e-01
9.793283081055e+01 1.865788400173e-01
9.793673706055e+01 1.869011968374e-01
9.794064331055e+01 1.877631396055e-01
9.794454956055e+01 1.857259720564e-01
9.794845581055e+01 1.876567006111e-01
9.795236206055e+01 1.868305206299e-01
9.795626831055e+01 1.852117627859e-01
9.796017456055e+01 1.859593242407e-01
9.796408081055e+01 1.844596117735e-01
9.796798706055e+01 1.844679415226e-01
9.797189331055e+01 1.872992962599e-01
9.797579956055e+01 1.838940382004e-01
9.797970581055e+01 1.856283694506e-01
9.798361206055e+01 1.833974123001e-01
9.798751831055e+01 1.878464668989e-01
9.799142456055e+01 1.854067742825e-01
9.799533081055e+01 1.870918124914e-01
9.799923706055e+01 1.853646636009e-01
9.800314331055e+01 1.870416700840e-01
9.800704956055e+01 1.893139630556e-01
9.801095581055e+01 1.836462169886e-01
9.801486206055e+01 1.855627745390e-01
9.801876831055e+01 1.842184066772e-01
9.802267456055e+01 1.854488849640e-01
9.802658081055e+01 1.854388117790e-01
9.803048706055e+01 1.851398795843e-01
9.803439331055e+01 1.863219588995e-01
9.803829956055e+01 1.865384727716e-01
9.804220581055e+01 1.862072646618e-01
9.804611206055e+01 1.858631074429e-01
9.805001831055e+01 1.853977441788e-01
9.805392456055e+01 1.855026185513e-01
9.805783081055e+01 1.863144189119e-01
9.806173706055e+01 1.863647997379e-01
9.806564331055e+01 1.857011169195e-01
9.806954956055e+01 1.846388280392e-01
9.807345581055e+01 1.857898384333e-01
9.807735443115e+01 1.853125244379e-01
9.808126068115e+01 1.862888783216e-01
9.808516693115e+01 1.860404461622e-01
9.808907318115e+01 1.863274127245e-01
9.809297943115e+01 1.842513382435e-01
9.809688568115e+01 1.859967857599e-01
9.810079193115e+01 1.864330768585e-01
9.810469818115e+01 1.847829073668e-01
9.810860443115e+01 1.865565031767e-01
9.811251068115e+01 1.858042776585e-01
9.811641693115e+01 1.840411573648e-01
9.812032318115e+01 1.834045499563e-01
9.812422943115e+01 1.868826001883e-01
9.812813568115e+01 1.879144161940e-01
9.813204193115e+01 1.875381767750e-01
9.813594818115e+01 1.865986436605e-01
9.813985443115e+01 1.848160028458e-01
9.814376068115e+01 1.859127283096e-01
9.814766693115e+01 1.857439428568e-01
9.815157318115e+01 1.844289600849e-01
9.815547943115e+01 1.842048317194e-01
9.815938568115e+01 1.868832260370e-01
9.816329193115e+01 1.874674707651e-01
9.816719818115e+01 1.855552941561e-01
9.817110443115e+01 1.858747452497e-01
9.817501068115e+01 1.840768456459e-01
9.817891693115e+01 1.848730444908e-01
9.818282318115e+01 1.865276098251e-01
9.818672943115e+01 1.833280175924e-01
9.819063568115e+01 1.871921569109e-01
9.819454193115e+01 1.868674606085e-01
9.819844818115e+01 1.853889524937e-01
9.820235443115e+01 1.861788630486e-01
9.820626068115e+01 1.852972209454e-01
9.821016693115e+01 1.844875067472e-01
9.821407318115e+01 1.845808625221e-01
9.821797943115e+01 1.861666589975e-01
9.822188568115e+01 1.846461147070e-01
9.822578430176e+01 1.837844401598e-01
9.822969055176e+01 1.869516968727e-01
9.823359680176e+01 1.861917674541e-01
9.823750305176e+01 1.854831427336e-01
9.824140930176e+01 1.858398318291e-01
9.824531555176e+01 1.862903088331e-01
9.824922180176e+01 1.848516017199e-01
9.825312805176e+01 1.865704506636e-01
9.825703430176e+01 1.869043856859e-01
9.826094055176e+01 1.879421472549e-01
9.826484680176e+01 1.836428791285e-01
9.826875305176e+01 1.866071969271e-01
9.827265930176e+01 1.869528740644e-01
9.827656555176e+01 1.869843006134e-01
9.828047180176e+01 1.852069795132e-01
9.828437805176e+01 1.854647994041e-01
9.828828430176e+01 1.868899762630e-01
9.829219055176e+01 1.875893771648e-01
9.829609680176e+01 1.855777204037e-01
9.830000305176e+01 1.858358830214e-01
9.830390930176e+01 1.858993470669e-01
9.830781555176e+01 1.849842369556e-01
9.831172180176e+01 1.828166842461e-01
9.831562805176e+01 1.846020370722e-01
9.831953430176e+01 1.836519986391e-01
9.832344055176e+01 1.850229948759e-01
9.832734680176e+01 1.846739947796e-01
9.833125305176e+01 1.856757104397e-01
9.833515930176e+01 1.858265697956e-01
9.833906555176e+01 1.858277916908e-01
9.834297180176e+01 1.874394267797e-01
9.834687805176e+01 1.859343796968e-01
9.835078430176e+01 1.862459480762e-01
9.835469055176e+01 1.816095113754e-01
9.835859680176e+01 1.858359277248e-01
9.836250305176e+01 1.849028766155e-01
9.836640930176e+01 1.852395087481e-01
9.837030792236e+01 1.888782531023e-01
9.837421417236e+01 1.853251606226e-01
9.837812042236e+01 1.838036030531e-01
9.838202667236e+01 1.834474503994e-01
9.838593292236e+01 1.869492679834e-01
9.838983917236e+01 1.864192038774e-01
9.839374542236e+01 1.840077638626e-01
9.839765167236e+01 1.854367703199e-01
9.840155792236e+01 1.877557337284e-01
9.840546417236e+01 1.849232017994e-01
9.840937042236e+01 1.845536679029e-01
9.841327667236e+01 1.856624186039e-01
9.841718292236e+01 1.878134757280e-01
9.842108917236e+01 1.834965348244e-01
9.842499542236e+01 1.838004589081e-01
9.842890167236e+01 1.868640929461e-01
9.843280792236e+01 1.876434683800e-01
9.843671417236e+01 1.859745979309e-01
9.844062042236e+01 1.863029003143e-01
9.844452667236e+01 1.849538683891e-01
9.844843292236e+01 1.833377778530e-01
9.845233917236e+01 1.861306875944e-01
9.845624542236e+01 1.868183314800e-01
9.846015167236e+01 1.868221610785e-01
9.846405792236e+01 1.871476620436e-01
9.846796417236e+01 1.836936324835e-01
9.847187042236e+01 1.847031861544e-01
9.847577667236e+01 1.861059367657e-01
9.847968292236e+01 1.862863898277e-01
9.848358917236e+01 1.843237727880e-01
9.848749542236e+01 1.856599748135e-01
9.849140167236e+01 1.848710477352e-01
9.849530792236e+01 1.842705458403e-01
9.849921417236e+01 1.852052956820e-01
9.850312042236e+01 1.862549930811e-01
9.850702667236e+01 1.839708834887e-01
9.851093292236e+01 1.855120658875e-01
9.851483917236e+01 1.842825263739e-01
9.851873779297e+01 1.863203495741e-01
9.852264404297e+01 1.833268404007e-01
9.852655029297e+01 1.864480525255e-01
9.853045654297e+01 1.837700307369e-01
9.853436279297e+01 1.864121854305e-01
9.853826904297e+01 1.857305020094e-01
9.854217529297e+01 1.839619576931e-01
9.854608154297e+01 1.861197203398e-01
9.854998779297e+01 1.843709349632e-01
9.855389404297e+01 1.836233735085e-01
9.855780029297e+01 1.868856698275e-01
9.856170654297e+01 1.853172481060e-01
9.856561279297e+01 1.852354705334e-01
9.856951904297e+01 1.847218126059e-01
9.857342529297e+01 1.855839639902e-01
9.857733154297e+01 1.848850846291e-01
9.858123779297e+01 1.854896694422e-01
9.858514404297e+01 1.835014820099e-01
9.858905029297e+01 1.828250735998e-01
9.859295654297e+01 1.857701987028e-01
9.859686279297e+01 1.830859482288e-01
9.860076904297e+01 1.852799504995e-01
9.860467529297e+01 1.838626116514e-01
9.860858154297e+01 1.860293149948e-01
9.861248779297e+01 1.845953762531e-01
9.861639404297e+01 1.838545650244e-01
9.862030029297e+01 1.870755702257e-01
9.862420654297e+01 1.832318603992e-01
9.862811279297e+01 1.842247992754e-01
9.863201904297e+01 1.838035881519e-01
9.863592529297e+01 1.849839687347e-01
9.863983154297e+01 1.853598505259e-01
9.864373779297e+01 1.868436932564e-01
9.864764404297e+01 1.831008195877e-01
9.865155029297e+01 1.864189952612e-01
9.865545654297e+01 1.843819320202e-01
9.865936279297e+01 1.849524527788e-01
9.866326141357e+01 1.877117455006e-01
9.866716766357e+01 1.844654232264e-01
9.867107391357e+01 1.879928261042e-01
9.867498016357e+01 1.874551028013e-01
9.867888641357e+01 1.840408891439e-01
9.868279266357e+01 1.851250678301e-01
9.868669891357e+01 1.853731125593e-01
9.869060516357e+01 1.853869557381e-01
9.869451141357e+01 1.876252442598e-01
9.869841766357e+01 1.841707080603e-01
9.870232391357e+01 1.861016899347e-01
9.870623016357e+01 1.839901804924e-01
9.871013641357e+01 1.855591386557e-01
9.871404266357e+01 1.862408667803e-01
9.871794891357e+01 1.824004054070e-01
9.872185516357e+01 1.854822039604e-01
9.872576141357e+01 1.862014681101e-01
9.872966766357e+01 1.855554580688e-01
9.873357391357e+01 1.865328848362e-01
9.873748016357e+01 1.852603703737e-01
9.874138641357e+01 1.851164847612e-01
9.874529266357e+01 1.849669963121e-01
9.874919891357e+01 1.870875656605e-01
9.875310516357e+01 1.862080544233e-01
9.875701141357e+01 1.838550865650e-01
9.876091766357e+01 1.854136884212e-01
9.876482391357e+01 1.867467910051e-01
9.876873016357e+01 1.878833621740e-01
9.877263641357e+01 1.851542890072e-01
9.877654266357e+01 1.866294890642e-01
9.878044891357e+01 1.863170415163e-01
9.878435516357e+01 1.865220069885e-01
9.878826141357e+01 1.852437108755e-01
9.879216766357e+01 1.845510154963e-01
9.879607391357e+01 1.869377791882e-01
9.879998016357e+01 1.856616139412e-01
9.880388641357e+01 1.877557486296e-01
9.880779266357e+01 1.873413622379e-01
9.881169128418e+01 1.865005344152e-01
9.881559753418e+01 1.853304356337e-01
9.881950378418e+01 1.819564104080e-01
9.882341003418e+01 1.842603683472e-01
