#title: Spectral profile - J0243-0550_SPW1.image-raster
#region (world): Point[[02:43:12.469, -05d50m55.296]]
#region (pixel): Point[[64, 64]]
#coordinate: world
#xLabel: frequency [GHz]
#yLabel: [Jy/beam] Mean

# J0243-0550_SPW1.image-raster
8.690703582764e+01 1.900128275156e-01
8.690312957764e+01 1.908930391073e-01
8.689922332764e+01 1.924939900637e-01
8.689531707764e+01 1.886089146137e-01
8.689141082764e+01 1.898139268160e-01
8.688750457764e+01 1.902442425489e-01
8.688359832764e+01 1.910758018494e-01
8.687969207764e+01 1.927907168865e-01
8.687578582764e+01 1.902367025614e-01
8.687187957764e+01 1.903963088989e-01
8.686797332764e+01 1.911421716213e-01
8.686406707764e+01 1.925904899836e-01
8.686016082764e+01 1.914184987545e-01
8.685625457764e+01 1.901088356972e-01
8.685234832764e+01 1.903416365385e-01
8.684844207764e+01 1.920402050018e-01
8.684453582764e+01 1.895667761564e-01
8.684062957764e+01 1.900034397840e-01
8.683672332764e+01 1.901643425226e-01
8.683281707764e+01 1.891386508942e-01
8.682891082764e+01 1.882230192423e-01
8.682500457764e+01 1.908019483089e-01
8.682109832764e+01 1.916710585356e-01
8.681719207764e+01 1.890401840210e-01
8.681328582764e+01 1.898947507143e-01
8.680937957764e+01 1.913126558065e-01
8.680547332764e+01 1.904420554638e-01
8.680156707764e+01 1.910668015480e-01
8.679766082764e+01 1.881089806557e-01
8.679375457764e+01 1.905285716057e-01
8.678984832764e+01 1.922939866781e-01
8.678594207764e+01 1.913004666567e-01
8.678203582764e+01 1.902054399252e-01
8.677813720703e+01 1.906767338514e-01
8.677423095703e+01 1.892516314983e-01
8.677032470703e+01 1.922096461058e-01
8.676641845703e+01 1.921484172344e-01
8.676251220703e+01 1.924320608377e-01
8.675860595703e+01 1.891020983458e-01
8.675469970703e+01 1.894188970327e-01
8.675079345703e+01 1.914755105972e-01
8.674688720703e+01 1.897922158241e-01
8.674298095703e+01 1.885951012373e-01
8.673907470703e+01 1.903687715530e-01
8.673516845703e+01 1.897300481796e-01
8.673126220703e+01 1.900348812342e-01
8.672735595703e+01 1.920167654753e-01
8.672344970703e+01 1.917199939489e-01
8.671954345703e+01 1.885314434767e-01
8.671563720703e+01 1.888167709112e-01
8.671173095703e+01 1.897676885128e-01
8.670782470703e+01 1.901836246252e-01
8.670391845703e+01 1.886916756630e-01
8.670001220703e+01 1.895354539156e-01
8.669610595703e+01 1.902096122503e-01
8.669219970703e+01 1.913971751928e-01
8.668829345703e+01 1.899559199810e-01
8.668438720703e+01 1.901207119226e-01
8.668048095703e+01 1.875257939100e-01
8.667657470703e+01 1.901444643736e-01
8.667266845703e+01 1.908352375031e-01
8.666876220703e+01 1.910814046860e-01
8.666485595703e+01 1.917192339897e-01
8.666094970703e+01 1.893166899681e-01
8.665704345703e+01 1.907602846622e-01
8.665313720703e+01 1.909445673227e-01
8.664923095703e+01 1.885227710009e-01
8.664532470703e+01 1.925519555807e-01
8.664141845703e+01 1.906697750092e-01
8.663751220703e+01 1.903501600027e-01
8.663360595703e+01 1.910462379456e-01
8.662970733643e+01 1.907312572002e-01
8.662580108643e+01 1.899140477180e-01
8.662189483643e+01 1.905845850706e-01
8.661798858643e+01 1.901250779629e-01
8.661408233643e+01 1.894505023956e-01
8.661017608643e+01 1.884384006262e-01
8.660626983643e+01 1.891600340605e-01
8.660236358643e+01 1.892817169428e-01
8.659845733643e+01 1.914381086826e-01
8.659455108643e+01 1.898204386234e-01
8.659064483643e+01 1.901256591082e-01
8.658673858643e+01 1.904784291983e-01
8.658283233643e+01 1.913614422083e-01
8.657892608643e+01 1.918597370386e-01
8.657501983643e+01 1.899473667145e-01
8.657111358643e+01 1.908766180277e-01
8.656720733643e+01 1.900703459978e-01
8.656330108643e+01 1.899085640907e-01
8.655939483643e+01 1.914180517197e-01
8.655548858643e+01 1.905751228333e-01
8.655158233643e+01 1.891310065985e-01
8.654767608643e+01 1.903504431248e-01
8.654376983643e+01 1.906485408545e-01
8.653986358643e+01 1.889739334583e-01
8.653595733643e+01 1.893920600414e-01
8.653205108643e+01 1.893816739321e-01
8.652814483643e+01 1.907693445683e-01
8.652423858643e+01 1.892894804478e-01
8.652033233643e+01 1.927050054073e-01
8.651642608643e+01 1.899804174900e-01
8.651251983643e+01 1.899635791779e-01
8.650861358643e+01 1.904767304659e-01
8.650470733643e+01 1.895649433136e-01
8.650080108643e+01 1.920111179352e-01
8.649689483643e+01 1.910371929407e-01
8.649298858643e+01 1.911957114935e-01
8.648908233643e+01 1.904911845922e-01
8.648518371582e+01 1.887331455946e-01
8.648127746582e+01 1.908286660910e-01
8.647737121582e+01 1.883987486362e-01
8.647346496582e+01 1.897692233324e-01
8.646955871582e+01 1.898255646229e-01
8.646565246582e+01 1.902668327093e-01
8.646174621582e+01 1.889955997467e-01
8.645783996582e+01 1.875107735395e-01
8.645393371582e+01 1.887374520302e-01
8.645002746582e+01 1.905049830675e-01
8.644612121582e+01 1.904791295528e-01
8.644221496582e+01 1.901898980141e-01
8.643830871582e+01 1.885541826487e-01
8.643440246582e+01 1.906125545502e-01
8.643049621582e+01 1.892016083002e-01
8.642658996582e+01 1.901364326477e-01
8.642268371582e+01 1.914070844650e-01
8.641877746582e+01 1.907000243664e-01
8.641487121582e+01 1.914342641830e-01
8.641096496582e+01 1.898629963398e-01
8.640705871582e+01 1.920182406902e-01
8.640315246582e+01 1.911038756371e-01
8.639924621582e+01 1.912747174501e-01
8.639533996582e+01 1.918446123600e-01
8.639143371582e+01 1.905133277178e-01
8.638752746582e+01 1.898639202118e-01
8.638362121582e+01 1.894965320826e-01
8.637971496582e+01 1.916983276606e-01
8.637580871582e+01 1.929531544447e-01
8.637190246582e+01 1.929678171873e-01
8.636799621582e+01 1.916387379169e-01
8.636408996582e+01 1.893927305937e-01
8.636018371582e+01 1.909718513489e-01
8.635627746582e+01 1.896976530552e-01
8.635237121582e+01 1.899617463350e-01
8.634846496582e+01 1.916426122189e-01
8.634455871582e+01 1.888854652643e-01
8.634065246582e+01 1.884628087282e-01
8.633675384521e+01 1.903914660215e-01
8.633284759521e+01 1.910827457905e-01
8.632894134521e+01 1.902768015862e-01
8.632503509521e+01 1.904736012220e-01
8.632112884521e+01 1.906390339136e-01
8.631722259521e+01 1.894157528877e-01
8.631331634521e+01 1.912663280964e-01
8.630941009521e+01 1.907502859831e-01
8.630550384521e+01 1.903206855059e-01
8.630159759521e+01 1.900717914104e-01
8.629769134521e+01 1.899199634790e-01
8.629378509521e+01 1.902109086514e-01
8.628987884521e+01 1.925067454576e-01
8.628597259521e+01 1.921259164810e-01
8.628206634521e+01 1.908745616674e-01
8.627816009521e+01 1.922861486673e-01
8.627425384521e+01 1.887237429619e-01
8.627034759521e+01 1.890103965998e-01
8.626644134521e+01 1.881452500820e-01
8.626253509521e+01 1.899625658989e-01
8.625862884521e+01 1.878649145365e-01
8.625472259521e+01 1.912403702736e-01
8.625081634521e+01 1.924924999475e-01
8.624691009521e+01 1.877914369106e-01
8.624300384521e+01 1.892737746239e-01
8.623909759521e+01 1.899678260088e-01
8.623519134521e+01 1.889767050743e-01
8.623128509521e+01 1.913006156683e-01
8.622737884521e+01 1.895086169243e-01
8.622347259521e+01 1.904677599669e-01
8.621956634521e+01 1.883262693882e-01
8.621566009521e+01 1.913634091616e-01
8.621175384521e+01 1.897950470448e-01
8.620784759521e+01 1.894731223583e-01
8.620394134521e+01 1.904999315739e-01
8.620003509521e+01 1.907590180635e-01
8.619612884521e+01 1.871829330921e-01
8.619222259521e+01 1.895244270563e-01
8.618832397461e+01 1.905118823051e-01
8.618441772461e+01 1.910457313061e-01
8.618051147461e+01 1.903769373894e-01
8.617660522461e+01 1.885355114937e-01
8.617269897461e+01 1.898290067911e-01
8.616879272461e+01 1.900995224714e-01
8.616488647461e+01 1.893395632505e-01
8.616098022461e+01 1.913635581732e-01
8.615707397461e+01 1.910982131958e-01
8.615316772461e+01 1.889665573835e-01
8.614926147461e+01 1.900236159563e-01
8.614535522461e+01 1.913118660450e-01
8.614144897461e+01 1.907465159893e-01
8.613754272461e+01 1.900909692049e-01
8.613363647461e+01 1.903375834227e-01
8.612973022461e+01 1.906066536903e-01
8.612582397461e+01 1.906897723675e-01
8.612191772461e+01 1.912041157484e-01
8.611801147461e+01 1.888583749533e-01
8.611410522461e+01 1.925404071808e-01
8.611019897461e+01 1.899111717939e-01
8.610629272461e+01 1.897876113653e-01
8.610238647461e+01 1.922087818384e-01
8.609848022461e+01 1.902536153793e-01
8.609457397461e+01 1.888133734465e-01
8.609066772461e+01 1.882772892714e-01
8.608676147461e+01 1.898414045572e-01
8.608285522461e+01 1.881472319365e-01
8.607894897461e+01 1.887854933739e-01
8.607504272461e+01 1.903600990772e-01
8.607113647461e+01 1.890585422516e-01
8.606723022461e+01 1.880505830050e-01
8.606332397461e+01 1.915949732065e-01
8.605941772461e+01 1.889087110758e-01
8.605551147461e+01 1.894512623549e-01
8.605160522461e+01 1.906698197126e-01
8.604769897461e+01 1.908872276545e-01
8.604380035400e+01 1.905164569616e-01
8.603989410400e+01 1.917463690042e-01
8.603598785400e+01 1.904366314411e-01
8.603208160400e+01 1.871796697378e-01
8.602817535400e+01 1.898662000895e-01
8.602426910400e+01 1.903720498085e-01
8.602036285400e+01 1.901756376028e-01
8.601645660400e+01 1.888785362244e-01
8.601255035400e+01 1.908291429281e-01
8.600864410400e+01 1.895736008883e-01
8.600473785400e+01 1.888394951820e-01
8.600083160400e+01 1.884730458260e-01
8.599692535400e+01 1.916680037975e-01
8.599301910400e+01 1.919649988413e-01
8.598911285400e+01 1.889573335648e-01
8.598520660400e+01 1.901018321514e-01
8.598130035400e+01 1.879344731569e-01
8.597739410400e+01 1.881210058928e-01
8.597348785400e+01 1.887775361538e-01
8.596958160400e+01 1.900756359100e-01
8.596567535400e+01 1.907816231251e-01
8.596176910400e+01 1.919310390949e-01
8.595786285400e+01 1.890460103750e-01
8.595395660400e+01 1.895503550768e-01
8.595005035400e+01 1.910841763020e-01
8.594614410400e+01 1.909075677395e-01
8.594223785400e+01 1.929408609867e-01
8.593833160400e+01 1.919412314892e-01
8.593442535400e+01 1.893195360899e-01
8.593051910400e+01 1.905832737684e-01
8.592661285400e+01 1.906203776598e-01
8.592270660400e+01 1.879785358906e-01
8.591880035400e+01 1.892025172710e-01
8.591489410400e+01 1.901840865612e-01
8.591098785400e+01 1.905499100685e-01
8.590708160400e+01 1.893490105867e-01
8.590317535400e+01 1.899830549955e-01
8.589926910400e+01 1.905409693718e-01
8.589537048340e+01 1.882215887308e-01
8.589146423340e+01 1.890370994806e-01
8.588755798340e+01 1.892329603434e-01
8.588365173340e+01 1.901110261679e-01
8.587974548340e+01 1.900923848152e-01
8.587583923340e+01 1.896655559540e-01
8.587193298340e+01 1.882470697165e-01
8.586802673340e+01 1.898839324713e-01
8.586412048340e+01 1.898646652699e-01
8.586021423340e+01 1.918450742960e-01
8.585630798340e+01 1.909793913364e-01
8.585240173340e+01 1.887978762388e-01
8.584849548340e+01 1.883864998817e-01
8.584458923340e+01 1.887183487415e-01
8.584068298340e+01 1.889746934175e-01
8.583677673340e+01 1.907009631395e-01
8.583287048340e+01 1.895043998957e-01
8.582896423340e+01 1.908100247383e-01
8.582505798340e+01 1.906375885010e-01
8.582115173340e+01 1.900447309017e-01
8.581724548340e+01 1.876902282238e-01
8.581333923340e+01 1.909249275923e-01
8.580943298340e+01 1.902036815882e-01
8.580552673340e+01 1.886316239834e-01
8.580162048340e+01 1.913251131773e-01
8.579771423340e+01 1.886304318905e-01
8.579380798340e+01 1.895034760237e-01
8.578990173340e+01 1.917392164469e-01
8.578599548340e+01 1.902726292610e-01
8.578208923340e+01 1.913907974958e-01
8.577818298340e+01 1.911000162363e-01
8.577427673340e+01 1.886790841818e-01
8.577037048340e+01 1.900103092194e-01
8.576646423340e+01 1.899653077126e-01
8.576255798340e+01 1.899710446596e-01
8.575865173340e+01 1.909785270691e-01
8.575474548340e+01 1.904493570328e-01
8.575084686279e+01 1.919412910938e-01
8.574694061279e+01 1.917989403009e-01
8.574303436279e+01 1.878822296858e-01
8.573912811279e+01 1.905160248280e-01
8.573522186279e+01 1.905321627855e-01
8.573131561279e+01 1.894178241491e-01
8.572740936279e+01 1.901144981384e-01
8.572350311279e+01 1.891446709633e-01
8.571959686279e+01 1.894335150719e-01
8.571569061279e+01 1.913485676050e-01
8.571178436279e+01 1.908265501261e-01
8.570787811279e+01 1.923958063126e-01
8.570397186279e+01 1.908946782351e-01
8.570006561279e+01 1.909411400557e-01
8.569615936279e+01 1.906694471836e-01
8.569225311279e+01 1.907022595406e-01
8.568834686279e+01 1.908959001303e-01
8.568444061279e+01 1.917051225901e-01
8.568053436279e+01 1.898129135370e-01
8.567662811279e+01 1.897221952677e-01
8.567272186279e+01 1.894655227661e-01
8.566881561279e+01 1.915301978588e-01
8.566490936279e+01 1.892834454775e-01
8.566100311279e+01 1.893792152405e-01
8.565709686279e+01 1.914425343275e-01
8.565319061279e+01 1.897157430649e-01
8.564928436279e+01 1.890558600426e-01
8.564537811279e+01 1.889174580574e-01
8.564147186279e+01 1.908743381500e-01
8.563756561279e+01 1.894706934690e-01
8.563365936279e+01 1.907986402512e-01
8.562975311279e+01 1.916219443083e-01
8.562584686279e+01 1.903856694698e-01
8.562194061279e+01 1.888444274664e-01
8.561803436279e+01 1.911348104477e-01
8.561412811279e+01 1.903068423271e-01
8.561022186279e+01 1.925986409187e-01
8.560631561279e+01 1.905918568373e-01
8.560241699219e+01 1.907630711794e-01
8.559851074219e+01 1.914192587137e-01
8.559460449219e+01 1.911289244890e-01
8.559069824219e+01 1.893281936646e-01
8.558679199219e+01 1.878206133842e-01
8.558288574219e+01 1.891230493784e-01
8.557897949219e+01 1.899747550488e-01
8.557507324219e+01 1.907613128424e-01
8.557116699219e+01 1.903003156185e-01
8.556726074219e+01 1.904417872429e-01
8.556335449219e+01 1.914417743683e-01
8.555944824219e+01 1.906780004501e-01
8.555554199219e+01 1.891585886478e-01
8.555163574219e+01 1.895048618317e-01
8.554772949219e+01 1.888585388660e-01
8.554382324219e+01 1.917573064566e-01
8.553991699219e+01 1.934749782085e-01
8.553601074219e+01 1.893427222967e-01
8.553210449219e+01 1.917082369328e-01
8.552819824219e+01 1.897389888763e-01
8.552429199219e+01 1.900054812431e-01
8.552038574219e+01 1.916959434748e-01
8.551647949219e+01 1.895974874496e-01
8.551257324219e+01 1.905192732811e-01
8.550866699219e+01 1.887912452221e-01
8.550476074219e+01 1.903584152460e-01
8.550085449219e+01 1.901780515909e-01
8.549694824219e+01 1.895234733820e-01
8.549304199219e+01 1.922463774681e-01
8.548913574219e+01 1.928252428770e-01
8.548522949219e+01 1.915759891272e-01
8.548132324219e+01 1.909578293562e-01
8.547741699219e+01 1.905932128429e-01
8.547351074219e+01 1.903456747532e-01
8.546960449219e+01 1.912374347448e-01
8.546569824219e+01 1.918727755547e-01
8.546179199219e+01 1.912035942078e-01
8.545789337158e+01 1.908849179745e-01
8.545398712158e+01 1.899402886629e-01
8.545008087158e+01 1.891511380672e-01
8.544617462158e+01 1.888119876385e-01
8.544226837158e+01 1.894972920418e-01
8.543836212158e+01 1.905505061150e-01
8.543445587158e+01 1.902843266726e-01
8.543054962158e+01 1.899030953646e-01
8.542664337158e+01 1.893579065800e-01
8.542273712158e+01 1.932016760111e-01
8.541883087158e+01 1.911765784025e-01
8.541492462158e+01 1.921049952507e-01
8.541101837158e+01 1.904703080654e-01
8.540711212158e+01 1.902728378773e-01
8.540320587158e+01 1.909482628107e-01
8.539929962158e+01 1.919684708118e-01
8.539539337158e+01 1.892711073160e-01
8.539148712158e+01 1.909791678190e-01
8.538758087158e+01 1.911402344704e-01
8.538367462158e+01 1.911292225122e-01
8.537976837158e+01 1.910483390093e-01
8.537586212158e+01 1.887273639441e-01
8.537195587158e+01 1.906229853630e-01
8.536804962158e+01 1.907019466162e-01
8.536414337158e+01 1.923338919878e-01
8.536023712158e+01 1.910639256239e-01
8.535633087158e+01 1.901601105928e-01
8.535242462158e+01 1.896680742502e-01
8.534851837158e+01 1.893096119165e-01
8.534461212158e+01 1.892524510622e-01
8.534070587158e+01 1.905663907528e-01
8.533679962158e+01 1.898156404495e-01
8.533289337158e+01 1.908712536097e-01
8.532898712158e+01 1.892959326506e-01
8.532508087158e+01 1.902644634247e-01
8.532117462158e+01 1.897823065519e-01
8.531726837158e+01 1.907977908850e-01
8.531336212158e+01 1.899364590645e-01
8.530946350098e+01 1.903764307499e-01
8.530555725098e+01 1.893675625324e-01
8.530165100098e+01 1.934026628733e-01
8.529774475098e+01 1.903034895658e-01
8.529383850098e+01 1.901931911707e-01
8.528993225098e+01 1.907293349504e-01
8.528602600098e+01 1.904874444008e-01
8.528211975098e+01 1.903911232948e-01
8.527821350098e+01 1.905521601439e-01
8.527430725098e+01 1.907016336918e-01
8.527040100098e+01 1.907081753016e-01
8.526649475098e+01 1.938440054655e-01
8.526258850098e+01 1.925011724234e-01
8.525868225098e+01 1.881688237190e-01
8.525477600098e+01 1.899793595076e-01
8.525086975098e+01 1.909344792366e-01
8.524696350098e+01 1.921501606703e-01
8.524305725098e+01 1.908579915762e-01
8.523915100098e+01 1.922198385000e-01
8.523524475098e+01 1.885579973459e-01
8.523133850098e+01 1.905119419098e-01
8.522743225098e+01 1.910039633512e-01
8.522352600098e+01 1.898702830076e-01
8.521961975098e+01 1.897777616978e-01
8.521571350098e+01 1.902333647013e-01
8.521180725098e+01 1.889474540949e-01
8.520790100098e+01 1.896449476480e-01
8.520399475098e+01 1.886984854937e-01
8.520008850098e+01 1.897913068533e-01
8.519618225098e+01 1.927537173033e-01
8.519227600098e+01 1.907354891300e-01
8.518836975098e+01 1.896428018808e-01
8.518446350098e+01 1.900404393673e-01
8.518055725098e+01 1.921913772821e-01
8.517665100098e+01 1.908486932516e-01
8.517274475098e+01 1.900782138109e-01
8.516883850098e+01 1.894930154085e-01
8.516493988037e+01 1.919668316841e-01
8.516103363037e+01 1.915960013866e-01
8.515712738037e+01 1.903173476458e-01
8.515322113037e+01 1.915587782860e-01
8.514931488037e+01 1.916457563639e-01
8.514540863037e+01 1.899076998234e-01
8.514150238037e+01 1.906408816576e-01
8.513759613037e+01 1.915946155787e-01
8.513368988037e+01 1.918533742428e-01
8.512978363037e+01 1.898673772812e-01
8.512587738037e+01 1.917473077774e-01
8.512197113037e+01 1.914701759815e-01
8.511806488037e+01 1.909888684750e-01
8.511415863037e+01 1.913360208273e-01
8.511025238037e+01 1.909820139408e-01
8.510634613037e+01 1.916300952435e-01
8.510243988037e+01 1.911030560732e-01
8.509853363037e+01 1.908036619425e-01
8.509462738037e+01 1.909901201725e-01
8.509072113037e+01 1.901537775993e-01
8.508681488037e+01 1.909018158913e-01
8.508290863037e+01 1.911358237267e-01
8.507900238037e+01 1.904604285955e-01
8.507509613037e+01 1.915989816189e-01
8.507118988037e+01 1.906035244465e-01
8.506728363037e+01 1.899031996727e-01
8.506337738037e+01 1.902143359184e-01
8.505947113037e+01 1.938062757254e-01
8.505556488037e+01 1.903197020292e-01
8.505165863037e+01 1.916890889406e-01
8.504775238037e+01 1.914323270321e-01
8.504384613037e+01 1.899574100971e-01
