#title: Spectral profile - J0243-0550_SPW1.image-raster
#region (world): Point[[02:43:12.469, -05d50m55.296]]
#region (pixel): Point[[64, 64]]
#coordinate: world
#xLabel: frequency [GHz]
#yLabel: [Jy/beam] Mean

# J0243-0550_SPW1.image-raster
1.283086395264e+02 1.587736755610e-01
1.283047332764e+02 1.562265455723e-01
1.283008270264e+02 1.570158451796e-01
1.282969207764e+02 1.569841504097e-01
1.282930145264e+02 1.599143892527e-01
1.282891082764e+02 1.588246226311e-01
1.282852020264e+02 1.568614989519e-01
1.282812957764e+02 1.564594805241e-01
1.282773895264e+02 1.595350801945e-01
1.282734832764e+02 1.572516262531e-01
1.282695770264e+02 1.582132130861e-01
1.282656707764e+02 1.561270058155e-01
1.282617645264e+02 1.592734903097e-01
1.282578582764e+02 1.587742865086e-01
1.282539520264e+02 1.551148146391e-01
1.282500457764e+02 1.586675047874e-01
1.282461395264e+02 1.600980162621e-01
1.282422332764e+02 1.568407714367e-01
1.282383270264e+02 1.574746221304e-01
1.282344207764e+02 1.593990176916e-01
1.282305145264e+02 1.581687033176e-01
1.282266082764e+02 1.580188572407e-01
1.282227020264e+02 1.571535170078e-01
1.282187957764e+02 1.572564393282e-01
1.282148895264e+02 1.572002768517e-01
1.282109832764e+02 1.555430144072e-01
1.282070770264e+02 1.605243235826e-01
1.282031707764e+02 1.593084782362e-01
1.281992645264e+02 1.583654284477e-01
1.281953582764e+02 1.578872650862e-01
1.281914520264e+02 1.588260829449e-01
1.281875457764e+02 1.561535149813e-01
1.281836395264e+02 1.648424863815e-01
1.281797332764e+02 1.602699607611e-01
1.281758270264e+02 1.573846042156e-01
1.281719207764e+02 1.595763862133e-01
1.281680145264e+02 1.582299023867e-01
1.281641082764e+02 1.588264703751e-01
1.281602020264e+02 1.564423739910e-01
1.281562957764e+02 1.560110449791e-01
1.281523895264e+02 1.587988734245e-01
1.281484832764e+02 1.548362672329e-01
1.281445770264e+02 1.577239185572e-01
1.281406707764e+02 1.584734171629e-01
1.281367645264e+02 1.571997702122e-01
1.281328582764e+02 1.583754569292e-01
1.281289520264e+02 1.578292250633e-01
1.281250457764e+02 1.557508409023e-01
1.281211395264e+02 1.576962471008e-01
1.281172332764e+02 1.576169878244e-01
1.281133270264e+02 1.559294760227e-01
1.281094207764e+02 1.610367745161e-01
1.281055145264e+02 1.561413407326e-01
1.281016082764e+02 1.587603539228e-01
1.280977020264e+02 1.582604646683e-01
1.280937957764e+02 1.584667712450e-01
1.280898895264e+02 1.545723080635e-01
1.280859832764e+02 1.569978147745e-01
1.280820770264e+02 1.598216444254e-01
1.280781707764e+02 1.579826176167e-01
1.280742645264e+02 1.591704636812e-01
1.280703582764e+02 1.575783491135e-01
1.280664520264e+02 1.566907465458e-01
1.280625457764e+02 1.566270887852e-01
1.280586395264e+02 1.606542468071e-01
1.280547332764e+02 1.561845093966e-01
1.280508270264e+02 1.590819060802e-01
1.280469207764e+02 1.587915569544e-01
1.280430145264e+02 1.596162915230e-01
1.280391082764e+02 1.564735323191e-01
1.280352020264e+02 1.585481613874e-01
1.280312957764e+02 1.583161205053e-01
1.280273895264e+02 1.592368334532e-01
1.280234985352e+02 1.559783965349e-01
1.280195922852e+02 1.586608290672e-01
1.280156860352e+02 1.594449728727e-01
1.280117797852e+02 1.591164767742e-01
1.280078735352e+02 1.552586406469e-01
1.280039672852e+02 1.575318425894e-01
1.280000610352e+02 1.598940193653e-01
1.279961471558e+02 1.607855260372e-01
1.279922409058e+02 1.574587672949e-01
1.279883346558e+02 1.595530211926e-01
1.279844284058e+02 1.624481379986e-01
1.279805221558e+02 1.552692055702e-01
1.279766159058e+02 1.573971360922e-01
1.279727096558e+02 1.562568992376e-01
1.279688034058e+02 1.564889252186e-01
1.279648971558e+02 1.563535481691e-01
1.279609909058e+02 1.582196503878e-01
1.279570846558e+02 1.584230512381e-01
1.279531784058e+02 1.551767140627e-01
1.279492797852e+02 1.575013101101e-01
1.279453735352e+02 1.582424044609e-01
1.279414672852e+02 1.600083857775e-01
1.279375610352e+02 1.582690775394e-01
1.279336547852e+02 1.559147238731e-01
1.279297485352e+02 1.570337712765e-01
1.279258422852e+02 1.576396226883e-01
1.279219360352e+02 1.584286093712e-01
1.279180297852e+02 1.578482240438e-01
1.279141235352e+02 1.564601063728e-01
1.279102172852e+02 1.577814072371e-01
1.279063110352e+02 1.576237678528e-01
1.279024047852e+02 1.578844785690e-01
1.278984985352e+02 1.585484296083e-01
1.278945922852e+02 1.591586917639e-01
1.278906860352e+02 1.601606160402e-01
1.278867797852e+02 1.600743234158e-01
1.278828735352e+02 1.574389040470e-01
1.278789672852e+02 1.591126620770e-01
1.278750610352e+02 1.588638573885e-01
1.278711547852e+02 1.555764973164e-01
1.278672485352e+02 1.598672121763e-01
1.278633422852e+02 1.577245295048e-01
1.278594360352e+02 1.561343371868e-01
1.278555297852e+02 1.590710133314e-01
1.278516235352e+02 1.547220349312e-01
1.278477172852e+02 1.553680896759e-01
1.278438110352e+02 1.584578156471e-01
1.278399047852e+02 1.576699316502e-01
1.278359985352e+02 1.590169519186e-01
1.278320922852e+02 1.588286906481e-01
1.278281860352e+02 1.576365083456e-01
1.278242797852e+02 1.582541614771e-01
1.278203735352e+02 1.576637476683e-01
1.278164672852e+02 1.588395833969e-01
1.278125610352e+02 1.589660048485e-01
1.278086547852e+02 1.586125046015e-01
1.278047485352e+02 1.627769172192e-01
1.278008499146e+02 1.592508107424e-01
1.277969436646e+02 1.595013439655e-01
1.277930374146e+02 1.575816571712e-01
1.277891311646e+02 1.573647707701e-01
1.277852249146e+02 1.575488597155e-01
1.277813186646e+02 1.621970683336e-01
1.277774124146e+02 1.587360650301e-01
1.277735061646e+02 1.573894023895e-01
1.277695999146e+02 1.581002920866e-01
1.277656936646e+02 1.585466712713e-01
1.277617874146e+02 1.570873856544e-01
1.277578811646e+02 1.605483889580e-01
1.277539749146e+02 1.581760793924e-01
1.277500686646e+02 1.590092331171e-01
1.277461624146e+02 1.584943532944e-01
1.277422561646e+02 1.591790169477e-01
1.277383499146e+02 1.573248505592e-01
1.277344436646e+02 1.571484804153e-01
1.277305374146e+02 1.545650959015e-01
1.277266311646e+02 1.607107818127e-01
1.277227249146e+02 1.588252037764e-01
1.277188186646e+02 1.608136296272e-01
1.277149124146e+02 1.594770252705e-01
1.277110061646e+02 1.594075262547e-01
1.277070999146e+02 1.590795218945e-01
1.277031936646e+02 1.601553410292e-01
1.276992874146e+02 1.581499129534e-01
1.276953811646e+02 1.581139266491e-01
1.276914749146e+02 1.578618437052e-01
1.276875686646e+02 1.591086536646e-01
1.276836624146e+02 1.596224159002e-01
1.276797561646e+02 1.571148931980e-01
1.276758499146e+02 1.622639298439e-01
1.276719436646e+02 1.609088778496e-01
1.276680374146e+02 1.560094505548e-01
1.276641311646e+02 1.577926129103e-01
1.276602249146e+02 1.553549468517e-01
1.276563186646e+02 1.562136858702e-01
1.276524200439e+02 1.586416810751e-01
1.276485137939e+02 1.579025834799e-01
1.276446075439e+02 1.575834453106e-01
1.276407012939e+02 1.561246514320e-01
1.276367950439e+02 1.551848202944e-01
1.276328887939e+02 1.583550721407e-01
1.276289825439e+02 1.568942815065e-01
1.276250762939e+02 1.599528938532e-01
1.276211700439e+02 1.586736440659e-01
1.276172637939e+02 1.550283879042e-01
1.276133575439e+02 1.626378893852e-01
1.276094512939e+02 1.560415327549e-01
1.276055450439e+02 1.548455804586e-01
1.276016387939e+02 1.583193838596e-01
1.275977325439e+02 1.578944921494e-01
1.275938262939e+02 1.581809967756e-01
1.275899200439e+02 1.580454558134e-01
1.275860137939e+02 1.537556201220e-01
1.275821075439e+02 1.563150435686e-01
1.275782012939e+02 1.602103859186e-01
1.275742950439e+02 1.603657603264e-01
1.275703887939e+02 1.582244932652e-01
1.275664825439e+02 1.565661579370e-01
1.275625762939e+02 1.586924940348e-01
1.275586700439e+02 1.586925387383e-01
1.275547637939e+02 1.562297940254e-01
1.275508575439e+02 1.587821394205e-01
1.275469512939e+02 1.588574051857e-01
1.275430450439e+02 1.593414247036e-01
1.275391387939e+02 1.605338603258e-01
1.275352325439e+02 1.606914103031e-01
1.275313262939e+02 1.586095690727e-01
1.275274200439e+02 1.583323180676e-01
1.275235137939e+02 1.581282168627e-01
1.275196075439e+02 1.582352668047e-01
1.275157012939e+02 1.602246165276e-01
1.275117950439e+02 1.560700684786e-01
1.275078887939e+02 1.582075506449e-01
1.275039901733e+02 1.564445942640e-01
1.275000839233e+02 1.573139429092e-01
1.274961776733e+02 1.592330038548e-01
1.274922714233e+02 1.605655252934e-01
1.274883651733e+02 1.580100655556e-01
1.274844589233e+02 1.578932553530e-01
1.274805526733e+02 1.575738042593e-01
1.274766464233e+02 1.554427742958e-01
1.274727401733e+02 1.577701419592e-01
1.274688339233e+02 1.585927307606e-01
1.274649276733e+02 1.586190015078e-01
1.274610214233e+02 1.602252125740e-01
1.274571151733e+02 1.590120345354e-01
1.274532089233e+02 1.606760770082e-01
1.274493026733e+02 1.577084511518e-01
1.274453964233e+02 1.568920761347e-01
1.274414901733e+02 1.570155769587e-01
1.274375839233e+02 1.570974439383e-01
1.274336776733e+02 1.577846258879e-01
1.274297714233e+02 1.579353213310e-01
1.274258651733e+02 1.588473767042e-01
1.274219589233e+02 1.562146693468e-01
1.274180526733e+02 1.563048511744e-01
1.274141464233e+02 1.579388380051e-01
1.274102401733e+02 1.610951870680e-01
1.274063339233e+02 1.564207673073e-01
1.274024276733e+02 1.606807261705e-01
1.273985214233e+02 1.579093933105e-01
1.273946151733e+02 1.578093022108e-01
1.273907089233e+02 1.562193930149e-01
1.273868026733e+02 1.603174954653e-01
1.273828964233e+02 1.548632979393e-01
1.273789901733e+02 1.573899835348e-01
1.273750839233e+02 1.593385189772e-01
1.273711776733e+02 1.567097157240e-01
1.273672714233e+02 1.584901809692e-01
1.273633651733e+02 1.581638455391e-01
1.273594589233e+02 1.571454554796e-01
1.273555603027e+02 1.586571335793e-01
1.273516540527e+02 1.558164507151e-01
1.273477478027e+02 1.572219729424e-01
1.273438415527e+02 1.582545340061e-01
1.273399353027e+02 1.571570783854e-01
1.273360290527e+02 1.581462472677e-01
1.273321228027e+02 1.541454792023e-01
1.273282165527e+02 1.557108759880e-01
1.273243103027e+02 1.600501537323e-01
1.273204040527e+02 1.550527960062e-01
1.273164978027e+02 1.572179198265e-01
1.273125915527e+02 1.582804918289e-01
1.273086853027e+02 1.595905572176e-01
1.273047790527e+02 1.562503427267e-01
1.273008728027e+02 1.614560335875e-01
1.272969665527e+02 1.557139456272e-01
1.272930603027e+02 1.594463735819e-01
1.272891540527e+02 1.613337546587e-01
1.272852478027e+02 1.570770442486e-01
1.272813415527e+02 1.583012491465e-01
1.272774353027e+02 1.550528109074e-01
1.272735290527e+02 1.573223322630e-01
1.272696228027e+02 1.582946032286e-01
1.272657165527e+02 1.586537808180e-01
1.272618103027e+02 1.580222696066e-01
1.272579040527e+02 1.578048020601e-01
1.272539978027e+02 1.556159257889e-01
1.272500915527e+02 1.597719639540e-01
1.272461853027e+02 1.552836447954e-01
1.272422790527e+02 1.618351191282e-01
1.272383728027e+02 1.584662944078e-01
1.272344665527e+02 1.584495604038e-01
1.272305603027e+02 1.568221449852e-01
1.272266540527e+02 1.605252176523e-01
1.272227478027e+02 1.631514877081e-01
1.272188415527e+02 1.555051356554e-01
1.272149353027e+02 1.581987142563e-01
1.272110290527e+02 1.586934924126e-01
1.272071304321e+02 1.608156710863e-01
1.272032241821e+02 1.600900441408e-01
1.271993179321e+02 1.590362787247e-01
1.271954116821e+02 1.537268608809e-01
1.271915054321e+02 1.549690365791e-01
1.271875991821e+02 1.597291380167e-01
1.271836929321e+02 1.599707901478e-01
1.271797866821e+02 1.570032238960e-01
1.271758804321e+02 1.602739244699e-01
1.271719741821e+02 1.601518690586e-01
1.271680679321e+02 1.587562710047e-01
1.271641616821e+02 1.633318513632e-01
1.271602554321e+02 1.570421904325e-01
1.271563491821e+02 1.590671539307e-01
1.271524429321e+02 1.569163948298e-01
1.271485366821e+02 1.561241000891e-01
1.271446304321e+02 1.592758297920e-01
1.271407241821e+02 1.583532392979e-01
1.271368179321e+02 1.577265113592e-01
1.271329116821e+02 1.596195697784e-01
1.271290054321e+02 1.579832285643e-01
1.271250991821e+02 1.607796251774e-01
1.271211929321e+02 1.613417714834e-01
1.271172866821e+02 1.584511697292e-01
1.271133804321e+02 1.585140973330e-01
1.271094741821e+02 1.595182418823e-01
1.271055679321e+02 1.567385345697e-01
1.271016616821e+02 1.612274944782e-01
1.270977554321e+02 1.595070064068e-01
1.270938491821e+02 1.564261019230e-01
1.270899429321e+02 1.571430712938e-01
1.270860366821e+02 1.565086096525e-01
1.270821304321e+02 1.602963209152e-01
1.270782241821e+02 1.600561290979e-01
1.270743179321e+02 1.560624539852e-01
1.270704116821e+02 1.585613936186e-01
1.270665054321e+02 1.588684916496e-01
1.270625991821e+02 1.580544710159e-01
1.270587005615e+02 1.565852910280e-01
1.270547943115e+02 1.577276438475e-01
1.270508880615e+02 1.604711711407e-01
1.270469818115e+02 1.573026031256e-01
1.270430755615e+02 1.604106724262e-01
1.270391693115e+02 1.605851948261e-01
1.270352630615e+02 1.602990180254e-01
1.270313568115e+02 1.571189463139e-01
1.270274505615e+02 1.569906920195e-01
1.270235443115e+02 1.573354005814e-01
1.270196380615e+02 1.574797183275e-01
1.270157318115e+02 1.600348502398e-01
1.270118255615e+02 1.597959697247e-01
1.270079193115e+02 1.574009209871e-01
1.270040130615e+02 1.564302742481e-01
1.270001068115e+02 1.603052020073e-01
1.269962005615e+02 1.593271344900e-01
1.269922943115e+02 1.596871316433e-01
1.269883880615e+02 1.577884256840e-01
1.269844818115e+02 1.572877913713e-01
1.269805755615e+02 1.568243950605e-01
1.269766693115e+02 1.591176390648e-01
1.269727630615e+02 1.619415283203e-01
1.269688568115e+02 1.581044346094e-01
1.269649505615e+02 1.608978062868e-01
1.269610443115e+02 1.577920764685e-01
1.269571380615e+02 1.596713960171e-01
1.269532318115e+02 1.591959148645e-01
1.269493255615e+02 1.580862551928e-01
1.269454193115e+02 1.561623364687e-01
1.269415130615e+02 1.580841392279e-01
1.269376068115e+02 1.565389037132e-01
1.269337005615e+02 1.581703722477e-01
1.269297943115e+02 1.602733731270e-01
1.269258880615e+02 1.578214019537e-01
1.269219818115e+02 1.579325199127e-01
1.269180755615e+02 1.603316515684e-01
1.269141693115e+02 1.606668233871e-01
1.269102706909e+02 1.583821773529e-01
1.269063644409e+02 1.606651395559e-01
1.269024581909e+02 1.574447900057e-01
1.268985519409e+02 1.589053869247e-01
1.268946456909e+02 1.590555757284e-01
1.268907394409e+02 1.601031869650e-01
1.268868331909e+02 1.568823009729e-01
1.268829269409e+02 1.589811444283e-01
1.268790206909e+02 1.592442393303e-01
1.268751144409e+02 1.573570519686e-01
1.268712081909e+02 1.574342697859e-01
1.268673019409e+02 1.572158038616e-01
1.268633956909e+02 1.601465642452e-01
1.268594894409e+02 1.593820005655e-01
1.268555831909e+02 1.573217660189e-01
1.268516769409e+02 1.593844741583e-01
1.268477706909e+02 1.596483141184e-01
1.268438644409e+02 1.609247475863e-01
1.268399581909e+02 1.607889086008e-01
1.268360519409e+02 1.598993241787e-01
1.268321456909e+02 1.566152125597e-01
1.268282394409e+02 1.575651764870e-01
1.268243331909e+02 1.600461155176e-01
1.268204269409e+02 1.584078818560e-01
1.268165206909e+02 1.573807597160e-01
1.268126144409e+02 1.544762849808e-01
1.268087081909e+02 1.567681133747e-01
1.268048019409e+02 1.611203104258e-01
1.268008956909e+02 1.556699872017e-01
1.267969894409e+02 1.591131836176e-01
1.267930831909e+02 1.598113030195e-01
1.267891769409e+02 1.602224260569e-01
1.267852706909e+02 1.570870727301e-01
1.267813644409e+02 1.604640930891e-01
1.267774581909e+02 1.581230908632e-01
1.267735519409e+02 1.568173915148e-01
1.267696456909e+02 1.574007570744e-01
1.267657394409e+02 1.572386324406e-01
1.267618408203e+02 1.568299084902e-01
1.267579345703e+02 1.590544581413e-01
1.267540283203e+02 1.590016186237e-01
1.267501220703e+02 1.590847223997e-01
1.267462158203e+02 1.610044240952e-01
1.267423095703e+02 1.598239988089e-01
1.267384033203e+02 1.585509926081e-01
1.267344970703e+02 1.580207198858e-01
1.267305908203e+02 1.553727239370e-01
1.267266845703e+02 1.584604829550e-01
1.267227783203e+02 1.557387411594e-01
1.267188720703e+02 1.589368283749e-01
1.267149658203e+02 1.567661166191e-01
1.267110595703e+02 1.569981426001e-01
1.267071533203e+02 1.586053371429e-01
1.267032470703e+02 1.572001129389e-01
1.266993408203e+02 1.559786796570e-01
1.266954345703e+02 1.603228151798e-01
1.266915283203e+02 1.568735241890e-01
1.266876220703e+02 1.559021025896e-01
1.266837158203e+02 1.575435698032e-01
1.266798095703e+02 1.586709618568e-01
1.266759033203e+02 1.569489985704e-01
1.266719970703e+02 1.589080244303e-01
1.266680908203e+02 1.558799892664e-01
1.266641845703e+02 1.605815738440e-01
1.266602783203e+02 1.551534384489e-01
1.266563720703e+02 1.594607234001e-01
1.266524658203e+02 1.617670357227e-01
1.266485595703e+02 1.600135564804e-01
1.266446533203e+02 1.541428267956e-01
1.266407470703e+02 1.561372727156e-01
1.266368408203e+02 1.550289690495e-01
1.266329345703e+02 1.570932865143e-01
1.266290283203e+02 1.608826816082e-01
1.266251220703e+02 1.598924696445e-01
1.266212158203e+02 1.595052182674e-01
1.266173095703e+02 1.602259576321e-01
1.266134109497e+02 1.588323712349e-01
1.266095046997e+02 1.555980443954e-01
1.266055984497e+02 1.587782502174e-01
1.266016921997e+02 1.609412431717e-01
1.265977859497e+02 1.570698916912e-01
1.265938796997e+02 1.601415276527e-01
1.265899734497e+02 1.602295190096e-01
1.265860671997e+02 1.581500768661e-01
1.265821609497e+02 1.607175767422e-01
1.265782546997e+02 1.597021669149e-01
1.265743484497e+02 1.619631350040e-01
1.265704421997e+02 1.563199758530e-01
1.265665359497e+02 1.611114889383e-01
1.265626296997e+02 1.567838937044e-01
1.265587234497e+02 1.571893990040e-01
1.265548171997e+02 1.588411033154e-01
1.265509109497e+02 1.552951335907e-01
1.265470046997e+02 1.576256155968e-01
1.265430984497e+02 1.601441502571e-01
1.265391921997e+02 1.609340161085e-01
1.265352859497e+02 1.593461185694e-01
1.265313796997e+02 1.561582982540e-01
1.265274734497e+02 1.588993817568e-01
1.265235671997e+02 1.604198515415e-01
1.265196609497e+02 1.579933315516e-01
1.265157546997e+02 1.563192456961e-01
1.265118484497e+02 1.589514464140e-01
1.265079421997e+02 1.575203835964e-01
1.265040359497e+02 1.595275551081e-01
1.265001296997e+02 1.548504382372e-01
1.264962234497e+02 1.573593020439e-01
1.264923171997e+02 1.539422571659e-01
1.264884109497e+02 1.546418368816e-01
1.264845046997e+02 1.577492654324e-01
1.264805984497e+02 1.561722606421e-01
1.264766921997e+02 1.569566130638e-01
1.264727859497e+02 1.635429114103e-01
1.264688796997e+02 1.567537188530e-01
1.264649810791e+02 1.587819159031e-01
1.264610748291e+02 1.605130583048e-01
1.264571685791e+02 1.554947495461e-01
1.264532623291e+02 1.565887629986e-01
1.264493560791e+02 1.612719297409e-01
1.264454498291e+02 1.594715267420e-01
