#title: Spectral profile - NGC_1052_SPW1.image-raster
#region (world): Point[[02:41:04.798, -08d15m20.752]]
#region (pixel): Point[[127, 127]]
#coordinate: world
#xLabel: radio velocity [km/s]
#yLabel: [Jy/beam] Mean

# NGC_1052_SPW1.image-raster
#6.905853881836e+02 8.841241002083e-01
#6.996907958984e+02 8.852486014366e-01
#7.087962646484e+02 8.880289793015e-01
#7.179017333984e+02 8.888906836510e-01
7.270071411133e+02 8.877202868462e-01
7.361126098633e+02 8.873110413551e-01
7.452180175781e+02 8.874027729034e-01
7.543234863281e+02 8.876509070396e-01
7.634288940430e+02 8.864789009094e-01
7.725343627930e+02 8.854604363441e-01
7.816397705078e+02 8.862995505333e-01
7.907452392578e+02 8.860816359520e-01
7.998506469727e+02 8.871159553528e-01
8.089561157227e+02 8.874563574791e-01
8.180615234375e+02 8.871228098869e-01
8.271669921875e+02 8.859955072403e-01
8.362723999023e+02 8.850552439690e-01
8.453778686523e+02 8.856897354126e-01
8.544833374023e+02 8.863426446915e-01
8.635887451172e+02 8.865268230438e-01
8.726942138672e+02 8.875718712807e-01
8.817996215820e+02 8.867455720901e-01
8.909050903320e+02 8.876365423203e-01
9.000104980469e+02 8.869603872299e-01
9.091159667969e+02 8.881937861443e-01
9.182213745117e+02 8.869137763977e-01
9.273268432617e+02 8.855465054512e-01
9.364322509766e+02 8.865257501602e-01
9.455377197266e+02 8.863794207573e-01
9.546431274414e+02 8.858371973038e-01
9.637485961914e+02 8.867966532707e-01
9.728540039062e+02 8.873876333237e-01
9.819594726562e+02 8.879226446152e-01
9.910649414062e+02 8.879889249802e-01
1.000170349121e+03 8.873745203018e-01
1.009275817871e+03 8.869975805283e-01
1.018381225586e+03 8.861712217331e-01
1.027486694336e+03 8.886515498161e-01
1.036592163086e+03 8.878727555275e-01
1.045697509766e+03 8.892026543617e-01
1.054802978516e+03 8.888802528381e-01
1.063908447266e+03 8.879025578499e-01
1.073013916016e+03 8.879638314247e-01
1.082119262695e+03 8.866882324219e-01
1.091224731445e+03 8.862244486809e-01
1.100330200195e+03 8.864157795906e-01
1.109435668945e+03 8.866289854050e-01
1.118541137695e+03 8.865126371384e-01
1.127646484375e+03 8.865426182747e-01
1.136751953125e+03 8.873330354691e-01
1.145857421875e+03 8.867422342300e-01
1.154962890625e+03 8.859999179840e-01
1.164068237305e+03 8.866710066795e-01
1.173173706055e+03 8.873062133789e-01
1.182279174805e+03 8.869782686234e-01
1.191384643555e+03 8.868055939674e-01
1.200489990234e+03 8.859516382217e-01
1.209595458984e+03 8.868396878242e-01
1.218700927734e+03 8.889195322990e-01
1.227806396484e+03 8.884648084641e-01
1.236911865234e+03 8.868391513824e-01
1.246017211914e+03 8.876866102219e-01
1.255122680664e+03 8.878372311592e-01
1.264228149414e+03 8.876969814301e-01
1.273333618164e+03 8.884322047234e-01
1.282438964844e+03 8.872408270836e-01
1.291544433594e+03 8.880934119225e-01
1.300649902344e+03 8.876900672913e-01
1.309755371094e+03 8.879427909851e-01
1.318860717773e+03 8.877473473549e-01
1.327966186523e+03 8.875896930695e-01
1.337071655273e+03 8.872062563896e-01
1.346177124023e+03 8.864529728889e-01
1.355282470703e+03 8.862531781197e-01
1.364387939453e+03 8.865112066269e-01
1.373493408203e+03 8.875812888145e-01
1.382598876953e+03 8.862713575363e-01
1.391704345703e+03 8.875142335892e-01
1.400809692383e+03 8.869954347610e-01
1.409915161133e+03 8.865247964859e-01
1.419020629883e+03 8.871535658836e-01
1.428126098633e+03 8.867292404175e-01
1.437231445312e+03 8.872429728508e-01
1.446336914062e+03 8.869268894196e-01
1.455442382812e+03 8.866360783577e-01
1.464547851562e+03 8.875955939293e-01
1.473653198242e+03 8.871335983276e-01
1.482758666992e+03 8.858813047409e-01
1.491864135742e+03 8.863121271133e-01
1.500969604492e+03 8.854711651802e-01
1.510075073242e+03 8.859262466431e-01
1.519180419922e+03 8.854262828827e-01
1.528285888672e+03 8.860408663750e-01
1.537391357422e+03 8.852597475052e-01
1.546496826172e+03 8.847973346710e-01
1.555602172852e+03 8.855945467949e-01
1.564707641602e+03 8.847772479057e-01
1.573813110352e+03 8.845663070679e-01
1.582918579102e+03 8.848541975021e-01
1.592023925781e+03 8.847534656525e-01
1.601129394531e+03 8.853235840797e-01
1.610234863281e+03 8.860432505608e-01
1.619340332031e+03 8.847581744194e-01
1.628445800781e+03 8.834121227264e-01
1.637551147461e+03 8.838281035423e-01
1.646656616211e+03 8.823518157005e-01
1.655762084961e+03 8.816616535187e-01
1.664867553711e+03 8.833673596382e-01
1.673972900391e+03 8.860655426979e-01
1.683078369141e+03 8.863936662674e-01
1.692183837891e+03 8.874935507774e-01
1.701289306641e+03 8.870091438293e-01
1.710394653320e+03 8.860014677048e-01
1.719500122070e+03 8.863461613655e-01
1.728605590820e+03 8.859155774117e-01
1.737711059570e+03 8.872776031494e-01
1.746816528320e+03 8.876796960831e-01
1.755921875000e+03 8.872839808464e-01
1.765027343750e+03 8.876079320908e-01
1.774132812500e+03 8.872425556183e-01
1.783238281250e+03 8.877596855164e-01
1.792343627930e+03 8.875831365585e-01
1.801449096680e+03 8.880127668381e-01
1.810554565430e+03 8.877819776535e-01
1.819660034180e+03 8.881086111069e-01
1.828765380859e+03 8.864228725433e-01
1.837870849609e+03 8.871041536331e-01
1.846976318359e+03 8.873015642166e-01
1.856081787109e+03 8.879450559616e-01
1.865187133789e+03 8.881625533104e-01
1.874292602539e+03 8.869667649269e-01
1.883398071289e+03 8.868438601494e-01
1.892503540039e+03 8.865324258804e-01
1.901609008789e+03 8.859123587608e-01
1.910714355469e+03 8.868789076805e-01
1.919819824219e+03 8.863590955734e-01
1.928925292969e+03 8.866127133369e-01
1.938030761719e+03 8.872728943825e-01
1.947136108398e+03 8.875730037689e-01
1.956241577148e+03 8.872674107552e-01
1.965347045898e+03 8.871072530746e-01
1.974452514648e+03 8.866063952446e-01
1.983557861328e+03 8.871822357178e-01
1.992663330078e+03 8.881173729897e-01
2.001768798828e+03 8.877052664757e-01
2.010874267578e+03 8.875989913940e-01
2.019979736328e+03 8.885110616684e-01
2.029085083008e+03 8.885439038277e-01
2.038190551758e+03 8.898520469666e-01
2.047296020508e+03 8.894901871681e-01
2.056401367188e+03 8.884222507477e-01
2.065506835938e+03 8.877197504044e-01
2.074612304688e+03 8.877200484276e-01
2.083717773438e+03 8.890929818153e-01
2.092823242188e+03 8.885977268219e-01
2.101928710938e+03 8.877245783806e-01
2.111034179688e+03 8.870235681534e-01
2.120139404297e+03 8.868327736855e-01
2.129244873047e+03 8.863170742989e-01
2.138350341797e+03 8.865915536880e-01
2.147455810547e+03 8.861590027809e-01
2.156561279297e+03 8.872373700142e-01
2.165666748047e+03 8.882478475571e-01
2.174772216797e+03 8.876777887344e-01
2.183877685547e+03 8.887290358543e-01
2.192983154297e+03 8.878156542778e-01
2.202088378906e+03 8.874877691269e-01
2.211193847656e+03 8.876225352287e-01
2.220299316406e+03 8.875103592873e-01
2.229404785156e+03 8.873440027237e-01
2.238510253906e+03 8.878949880600e-01
2.247615722656e+03 8.876116275787e-01
2.256721191406e+03 8.868284225464e-01
2.265826660156e+03 8.876934051514e-01
2.274932128906e+03 8.879880905151e-01
2.284037353516e+03 8.876755237579e-01
2.293142822266e+03 8.876433372498e-01
2.302248291016e+03 8.881746530533e-01
2.311353759766e+03 8.876773715019e-01
2.320459228516e+03 8.893390297890e-01
2.329564697266e+03 8.878316879272e-01
2.338670166016e+03 8.882726430893e-01
2.347775634766e+03 8.883138895035e-01
2.356880859375e+03 8.878239393234e-01
2.365986328125e+03 8.873103857040e-01
2.375091796875e+03 8.869518637657e-01
2.384197265625e+03 8.874052762985e-01
2.393302734375e+03 8.874459862709e-01
2.402408203125e+03 8.870727419853e-01
2.411513671875e+03 8.874406814575e-01
2.420619140625e+03 8.867033123970e-01
2.429724609375e+03 8.860217332840e-01
2.438829833984e+03 8.852433562279e-01
2.447935302734e+03 8.857780694962e-01
2.457040771484e+03 8.863018155098e-01
2.466146240234e+03 8.858282566071e-01
2.475251708984e+03 8.859752416611e-01
2.484357177734e+03 8.864114284515e-01
2.493462646484e+03 8.863310217857e-01
2.502568115234e+03 8.863137960434e-01
2.511673583984e+03 8.866249918938e-01
2.520778808594e+03 8.859452605247e-01
2.529884277344e+03 8.860321640968e-01
2.538989746094e+03 8.856482505798e-01
2.548095214844e+03 8.863608241081e-01
2.557200683594e+03 8.865656256676e-01
2.566306152344e+03 8.866231441498e-01
2.575411621094e+03 8.864811658859e-01
2.584517089844e+03 8.877458572388e-01
2.593622314453e+03 8.874408602715e-01
2.602727783203e+03 8.880004286766e-01
2.611833251953e+03 8.865900039673e-01
2.620938720703e+03 8.859291076660e-01
2.630044189453e+03 8.860294222832e-01
2.639149658203e+03 8.859170675278e-01
2.648255126953e+03 8.858662247658e-01
2.657360595703e+03 8.866966366768e-01
2.666466064453e+03 8.872549533844e-01
2.675571289062e+03 8.865393400192e-01
2.684676757812e+03 8.867049217224e-01
2.693782226562e+03 8.874677419662e-01
2.702887695312e+03 8.881249427795e-01
2.711993164062e+03 8.872907757759e-01
2.721098632812e+03 8.884803652763e-01
2.730204101562e+03 8.872864246368e-01
2.739309570312e+03 8.888943791389e-01
2.748414794922e+03 8.868030905724e-01
2.757520263672e+03 8.874959349632e-01
2.766625732422e+03 8.868318796158e-01
2.775731201172e+03 8.881279826164e-01
2.784836669922e+03 8.868235349655e-01
2.793942138672e+03 8.861294984818e-01
2.803047607422e+03 8.863355517387e-01
2.812153076172e+03 8.869598507881e-01
2.821258544922e+03 8.865391612053e-01
2.830363769531e+03 8.872330784798e-01
2.839469238281e+03 8.864185214043e-01
2.848574707031e+03 8.870444893837e-01
2.857680175781e+03 8.867919445038e-01
2.866785644531e+03 8.874694108963e-01
2.875891113281e+03 8.872520327568e-01
2.884996582031e+03 8.865357041359e-01
2.894102050781e+03 8.874393701553e-01
2.903207519531e+03 8.862607479095e-01
2.912312744141e+03 8.864420652390e-01
2.921418212891e+03 8.867877721786e-01
2.930523681641e+03 8.864017724991e-01
2.939629150391e+03 8.875802755356e-01
2.948734619141e+03 8.877372145653e-01
2.957840087891e+03 8.884453177452e-01
2.966945556641e+03 8.872177600861e-01
2.976051025391e+03 8.886047005653e-01
2.985156250000e+03 8.875638842583e-01
2.994261718750e+03 8.879274725914e-01
3.003367187500e+03 8.882113695145e-01
3.012472656250e+03 8.872262239456e-01
3.021578125000e+03 8.876353502274e-01
3.030683593750e+03 8.858512639999e-01
3.039789062500e+03 8.875946998596e-01
3.048894531250e+03 8.873407244682e-01
3.058000000000e+03 8.874124288559e-01
3.067105224609e+03 8.881286382675e-01
3.076210693359e+03 8.890314698219e-01
3.085316162109e+03 8.883292078972e-01
3.094421630859e+03 8.881112933159e-01
3.103527099609e+03 8.883802294731e-01
3.112632568359e+03 8.879447579384e-01
3.121738037109e+03 8.882604837418e-01
3.130843505859e+03 8.884327411652e-01
3.139948730469e+03 8.882359266281e-01
3.149054199219e+03 8.889147043228e-01
3.158159667969e+03 8.879826664925e-01
3.167265136719e+03 8.887946009636e-01
3.176370605469e+03 8.886511325836e-01
3.185476074219e+03 8.890848755836e-01
3.194581542969e+03 8.887493610382e-01
3.203687011719e+03 8.886423707008e-01
3.212792480469e+03 8.891034722328e-01
3.221897705078e+03 8.890817165375e-01
3.231003173828e+03 8.876793384552e-01
3.240108642578e+03 8.880671858788e-01
3.249214111328e+03 8.884213566780e-01
3.258319580078e+03 8.884507417679e-01
3.267425048828e+03 8.880304098129e-01
3.276530517578e+03 8.886261582375e-01
3.285635986328e+03 8.869253396988e-01
3.294741455078e+03 8.874386548996e-01
3.303846679688e+03 8.870758414268e-01
3.312952148438e+03 8.871691823006e-01
3.322057617188e+03 8.875199556351e-01
3.331163085938e+03 8.871101737022e-01
3.340268554688e+03 8.873623609543e-01
3.349374023438e+03 8.884090185165e-01
3.358479492188e+03 8.873762488365e-01
3.367584960938e+03 8.879497051239e-01
3.376690185547e+03 8.863605856895e-01
3.385795654297e+03 8.887356519699e-01
3.394901123047e+03 8.870763182640e-01
3.404006591797e+03 8.872887492180e-01
3.413112060547e+03 8.887063860893e-01
3.422217529297e+03 8.879258036613e-01
3.431322998047e+03 8.887761831284e-01
3.440428466797e+03 8.875858783722e-01
3.449533935547e+03 8.864436149597e-01
3.458639160156e+03 8.872575759888e-01
3.467744628906e+03 8.867515921593e-01
3.476850097656e+03 8.880019783974e-01
3.485955566406e+03 8.886352181435e-01
3.495061035156e+03 8.876933455467e-01
3.504166503906e+03 8.873921036720e-01
3.513271972656e+03 8.866050839424e-01
3.522377441406e+03 8.870759606361e-01
3.531482666016e+03 8.876226544380e-01
3.540588134766e+03 8.879903554916e-01
3.549693603516e+03 8.873801827431e-01
3.558799072266e+03 8.867384195328e-01
3.567904541016e+03 8.866784572601e-01
3.577010009766e+03 8.865773081779e-01
3.586115478516e+03 8.864525556564e-01
3.595220947266e+03 8.872130513191e-01
3.604326416016e+03 8.884493708611e-01
3.613431640625e+03 8.878833055496e-01
3.622537109375e+03 8.880070447922e-01
3.631642578125e+03 8.877987861633e-01
3.640748046875e+03 8.876305222511e-01
3.649853515625e+03 8.883866667747e-01
3.658958984375e+03 8.875434398651e-01
3.668064453125e+03 8.871983289719e-01
3.677169921875e+03 8.868481516838e-01
3.686275390625e+03 8.865075111389e-01
3.695380615234e+03 8.867257833481e-01
3.704486083984e+03 8.868073821068e-01
3.713591552734e+03 8.873562216759e-01
3.722697021484e+03 8.860994577408e-01
3.731802490234e+03 8.866432905197e-01
3.740907958984e+03 8.868081569672e-01
3.750013427734e+03 8.874238133430e-01
3.759118896484e+03 8.874711990356e-01
3.768224121094e+03 8.872498273849e-01
3.777329589844e+03 8.875032067299e-01
3.786435058594e+03 8.883242607117e-01
3.795540527344e+03 8.871778845787e-01
3.804645996094e+03 8.876530528069e-01
3.813751464844e+03 8.872569203377e-01
3.822856933594e+03 8.876173496246e-01
3.831962402344e+03 8.866650462151e-01
3.841067871094e+03 8.877111077309e-01
3.850173095703e+03 8.868848681450e-01
3.859278564453e+03 8.876165747643e-01
3.868384033203e+03 8.873218297958e-01
3.877489501953e+03 8.885644078255e-01
3.886594970703e+03 8.877232670784e-01
3.895700439453e+03 8.868526220322e-01
3.904805908203e+03 8.861570358276e-01
3.913911376953e+03 8.862323760986e-01
3.923016845703e+03 8.869234919548e-01
3.932122070312e+03 8.860734105110e-01
3.941227539062e+03 8.863586187363e-01
3.950333007812e+03 8.865059614182e-01
3.959438476562e+03 8.872581124306e-01
3.968543945312e+03 8.878266215324e-01
3.977649414062e+03 8.887977600098e-01
3.986754882812e+03 8.890579342842e-01
3.995860351562e+03 8.882949352264e-01
4.004965576172e+03 8.878560662270e-01
4.014071044922e+03 8.881899118423e-01
4.023176513672e+03 8.878763318062e-01
4.032281982422e+03 8.863933682442e-01
4.041387451172e+03 8.864613175392e-01
4.050492919922e+03 8.862330317497e-01
4.059598388672e+03 8.865358233452e-01
4.068703857422e+03 8.864199519157e-01
4.077809326172e+03 8.859801292419e-01
4.086914550781e+03 8.868407011032e-01
4.096020019531e+03 8.877966403961e-01
4.105125488281e+03 8.882124423981e-01
4.114230957031e+03 8.896416425705e-01
4.123336425781e+03 8.894976377487e-01
4.132441894531e+03 8.873612880707e-01
4.141547363281e+03 8.870316147804e-01
4.150652832031e+03 8.864886164665e-01
4.159758300781e+03 8.858049511909e-01
4.168863769531e+03 8.868814110756e-01
4.177969238281e+03 8.869404792786e-01
4.187074707031e+03 8.861802816391e-01
4.196180175781e+03 8.850820064545e-01
4.205285156250e+03 8.873291015625e-01
4.214390625000e+03 8.861945867538e-01
4.223496093750e+03 8.855973482132e-01
4.232601562500e+03 8.855857849121e-01
4.241707031250e+03 8.865522146225e-01
4.250812500000e+03 8.867896199226e-01
4.259917968750e+03 8.876649141312e-01
4.269023437500e+03 8.875576853752e-01
4.278128906250e+03 8.867908716202e-01
4.287234375000e+03 8.872460722923e-01
4.296339843750e+03 8.867630362511e-01
4.305445312500e+03 8.860086798668e-01
4.314550781250e+03 8.855057358742e-01
4.323656250000e+03 8.865719437599e-01
4.332761718750e+03 8.862057924271e-01
4.341867187500e+03 8.865128159523e-01
4.350972656250e+03 8.866312503815e-01
4.360077636719e+03 8.869704604149e-01
4.369183105469e+03 8.872744441032e-01
4.378288574219e+03 8.868261575699e-01
4.387394042969e+03 8.866710662842e-01
4.396499511719e+03 8.862149119377e-01
4.405604980469e+03 8.875475525856e-01
4.414710449219e+03 8.880196809769e-01
4.423815917969e+03 8.873124122620e-01
4.432921386719e+03 8.868833184242e-01
4.442026855469e+03 8.856666684151e-01
4.451132324219e+03 8.867731094360e-01
4.460237792969e+03 8.871894478798e-01
4.469343261719e+03 8.875974416733e-01
4.478448730469e+03 8.874056935310e-01
4.487554199219e+03 8.882440924644e-01
4.496659667969e+03 8.883345723152e-01
4.505765136719e+03 8.870335817337e-01
4.514870117188e+03 8.872745633125e-01
4.523975585938e+03 8.872396945953e-01
4.533081054688e+03 8.879415392876e-01
4.542186523438e+03 8.875959515572e-01
4.551291992188e+03 8.865794539452e-01
4.560397460938e+03 8.868861198425e-01
4.569502929688e+03 8.857901692390e-01
4.578608398438e+03 8.860160708427e-01
4.587713867188e+03 8.863416314125e-01
4.596819335938e+03 8.872607946396e-01
4.605924804688e+03 8.877607584000e-01
4.615030273438e+03 8.874202966690e-01
4.624135742188e+03 8.867484331131e-01
4.633241210938e+03 8.877019882202e-01
4.642346679688e+03 8.879351615906e-01
4.651452148438e+03 8.885158896446e-01
4.660557617188e+03 8.881359100342e-01
4.669662597656e+03 8.892455697060e-01
4.678768066406e+03 8.881208896637e-01
4.687873535156e+03 8.882504105568e-01
4.696979003906e+03 8.889811635017e-01
4.706084472656e+03 8.875036239624e-01
4.715189941406e+03 8.871814608574e-01
4.724295410156e+03 8.880730867386e-01
4.733400878906e+03 8.891018033028e-01
4.742506347656e+03 8.881691098213e-01
4.751611816406e+03 8.878764510155e-01
4.760717285156e+03 8.873527646065e-01
4.769822753906e+03 8.871232271194e-01
4.778928222656e+03 8.867667317390e-01
4.788033691406e+03 8.875972628593e-01
4.797139160156e+03 8.868883848190e-01
4.806244628906e+03 8.867146372795e-01
4.815350097656e+03 8.872666954994e-01
4.824455566406e+03 8.864967226982e-01
4.833560546875e+03 8.878926038742e-01
4.842666015625e+03 8.877981305122e-01
4.851771484375e+03 8.882098197937e-01
4.860876953125e+03 8.874521255493e-01
4.869982421875e+03 8.869770169258e-01
4.879087890625e+03 8.881506919861e-01
4.888193359375e+03 8.870834112167e-01
4.897298828125e+03 8.873894810677e-01
4.906404296875e+03 8.867661952972e-01
4.915509765625e+03 8.858714103699e-01
4.924615234375e+03 8.856348395348e-01
4.933720703125e+03 8.869673609734e-01
4.942826171875e+03 8.872073888779e-01
4.951931640625e+03 8.871695995331e-01
4.961037109375e+03 8.863713741302e-01
4.970142578125e+03 8.882936835289e-01
4.979248046875e+03 8.882757425308e-01
4.988353027344e+03 8.882963657379e-01
4.997458496094e+03 8.874879479408e-01
#5.006563964844e+03 8.886092901230e-01
#5.015669433594e+03 8.888580799103e-01
#5.024774902344e+03 8.889836668968e-01
#5.033880371094e+03 8.824995756149e-01
