#title: Spectral profile - NGC_1052_SPW0.image-raster
#region (world): Point[[02:41:04.798, -08d15m20.753]]
#region (pixel): Point[[128, 127]]
#coordinate: world
#xLabel: frequency [GHz]
#yLabel: [Jy/beam] Mean

# NGC_1052_SPW0.image-raster
#1.300738525391e+02 8.720526695251e-01
#1.300699462891e+02 8.769743442535e-01
#1.300660400391e+02 8.779637813568e-01
#1.300621337891e+02 8.784837722778e-01
1.300582275391e+02 8.814348578453e-01
1.300543212891e+02 8.836675286293e-01
1.300504150391e+02 8.852541446686e-01
1.300465087891e+02 8.833239078522e-01
1.300426025391e+02 8.795099854469e-01
1.300386962891e+02 8.786239027977e-01
1.300348052979e+02 8.779404759407e-01
1.300308990479e+02 8.784019351006e-01
1.300269927979e+02 8.789855837822e-01
1.300230865479e+02 8.791570067406e-01
1.300191802979e+02 8.796275854111e-01
1.300152740479e+02 8.812139034271e-01
1.300113677979e+02 8.783955574036e-01
1.300074615479e+02 8.784657120705e-01
1.300035552979e+02 8.786225318909e-01
1.299996490479e+02 8.773848414421e-01
1.299957427979e+02 8.791701197624e-01
1.299918365479e+02 8.802345991135e-01
1.299879302979e+02 8.803373575211e-01
1.299840240479e+02 8.799199461937e-01
1.299801177979e+02 8.804410696030e-01
1.299762115479e+02 8.807970285416e-01
1.299723052979e+02 8.788663148880e-01
1.299683990479e+02 8.785418868065e-01
1.299644927979e+02 8.782901763916e-01
1.299605865479e+02 8.790835142136e-01
1.299566802979e+02 8.798301219940e-01
1.299527740479e+02 8.808602094650e-01
1.299488677979e+02 8.803288936615e-01
1.299449615479e+02 8.792411088943e-01
1.299410552979e+02 8.790467381477e-01
1.299371490479e+02 8.777320384979e-01
1.299332427979e+02 8.785321712494e-01
1.299293365479e+02 8.797416090965e-01
1.299254302979e+02 8.800384402275e-01
1.299215240479e+02 8.793308138847e-01
1.299176177979e+02 8.810134530067e-01
1.299137115479e+02 8.794005513191e-01
1.299098052979e+02 8.798980712891e-01
1.299058990479e+02 8.793276548386e-01
1.299019927979e+02 8.791962862015e-01
1.298980865479e+02 8.802762031555e-01
1.298941802979e+02 8.793262243271e-01
1.298902740479e+02 8.791918754578e-01
1.298863677979e+02 8.793660998344e-01
1.298824615479e+02 8.780740499496e-01
1.298785552979e+02 8.787847161293e-01
1.298746490479e+02 8.797287344933e-01
1.298707427979e+02 8.801327347755e-01
1.298668365479e+02 8.803272247314e-01
1.298629302979e+02 8.799496889114e-01
1.298590240479e+02 8.799518942833e-01
1.298551177979e+02 8.790581226349e-01
1.298512115479e+02 8.783981204033e-01
1.298473052979e+02 8.776941895485e-01
1.298433990479e+02 8.797554969788e-01
1.298394927979e+02 8.795189857483e-01
1.298355865479e+02 8.801949024200e-01
1.298316802979e+02 8.792841434479e-01
1.298277740479e+02 8.803657293320e-01
1.298238677979e+02 8.795759081841e-01
1.298199615479e+02 8.791711330414e-01
1.298160552979e+02 8.791682124138e-01
1.298121490479e+02 8.797277212143e-01
1.298082427979e+02 8.799598813057e-01
1.298043365479e+02 8.804275393486e-01
1.298004302979e+02 8.797628283501e-01
1.297965240479e+02 8.807722926140e-01
1.297926177979e+02 8.809782862663e-01
1.297887115479e+02 8.794189691544e-01
1.297848052979e+02 8.804594278336e-01
1.297808990479e+02 8.789643645287e-01
1.297769927979e+02 8.794379830360e-01
1.297730865479e+02 8.781384229660e-01
1.297691802979e+02 8.784816265106e-01
1.297652740479e+02 8.784643411636e-01
1.297613677979e+02 8.779631257057e-01
1.297574615479e+02 8.790035843849e-01
1.297535552979e+02 8.783116936684e-01
1.297496490479e+02 8.794873356819e-01
1.297457427979e+02 8.808211088181e-01
1.297418365479e+02 8.790398836136e-01
1.297379302979e+02 8.776070475578e-01
1.297340240479e+02 8.799168467522e-01
1.297301330566e+02 8.791985511780e-01
1.297262268066e+02 8.802592754364e-01
1.297223205566e+02 8.796321749687e-01
1.297184143066e+02 8.785737156868e-01
1.297145080566e+02 8.801933526993e-01
1.297106018066e+02 8.797038197517e-01
1.297066955566e+02 8.791100978851e-01
1.297027893066e+02 8.791896700859e-01
1.296988830566e+02 8.793086409569e-01
1.296949768066e+02 8.799121975899e-01
1.296910705566e+02 8.792907595634e-01
1.296871643066e+02 8.791486620903e-01
1.296832580566e+02 8.787873387337e-01
1.296793518066e+02 8.791537880898e-01
1.296754455566e+02 8.793914914131e-01
1.296715393066e+02 8.788096904755e-01
1.296676330566e+02 8.798900246620e-01
1.296637268066e+02 8.788603544235e-01
1.296598205566e+02 8.790464401245e-01
1.296559143066e+02 8.794780969620e-01
1.296520080566e+02 8.805413842201e-01
1.296481018066e+02 8.802106380463e-01
1.296441955566e+02 8.800204992294e-01
1.296402893066e+02 8.800262808800e-01
1.296363830566e+02 8.801832199097e-01
1.296324768066e+02 8.796328306198e-01
1.296285705566e+02 8.789074420929e-01
1.296246643066e+02 8.782875537872e-01
1.296207580566e+02 8.791885375977e-01
1.296168518066e+02 8.802577257156e-01
1.296129455566e+02 8.801425695419e-01
1.296090393066e+02 8.810086846352e-01
1.296051330566e+02 8.797016143799e-01
1.296012268066e+02 8.801150321960e-01
1.295973205566e+02 8.798710107803e-01
1.295934143066e+02 8.801089525223e-01
1.295895080566e+02 8.810473084450e-01
1.295856018066e+02 8.808134794235e-01
1.295816955566e+02 8.804615736008e-01
1.295777893066e+02 8.809299468994e-01
1.295738830566e+02 8.810292482376e-01
1.295699768066e+02 8.806113600731e-01
1.295660705566e+02 8.795683979988e-01
1.295621643066e+02 8.797566294670e-01
1.295582580566e+02 8.790363073349e-01
1.295543518066e+02 8.786888718605e-01
1.295504455566e+02 8.790216445923e-01
1.295465393066e+02 8.793463110924e-01
1.295426330566e+02 8.798322677612e-01
1.295387268066e+02 8.799186348915e-01
1.295348205566e+02 8.800032138824e-01
1.295309143066e+02 8.814082741737e-01
1.295270080566e+02 8.797889351845e-01
1.295231018066e+02 8.795223236084e-01
1.295191955566e+02 8.785805702209e-01
1.295152893066e+02 8.789727687836e-01
1.295113830566e+02 8.807759881020e-01
1.295074768066e+02 8.798375129700e-01
1.295035705566e+02 8.805794715881e-01
1.294996643066e+02 8.804271817207e-01
1.294957580566e+02 8.799297809601e-01
1.294918518066e+02 8.791184425354e-01
1.294879455566e+02 8.790293931961e-01
1.294840393066e+02 8.791837096214e-01
1.294801330566e+02 8.792869448662e-01
1.294762268066e+02 8.794760107994e-01
1.294723205566e+02 8.803449273109e-01
1.294684143066e+02 8.805816769600e-01
1.294645080566e+02 8.795729279518e-01
1.294606018066e+02 8.796828985214e-01
1.294566955566e+02 8.797080516815e-01
1.294527893066e+02 8.791828751564e-01
1.294488830566e+02 8.795577883720e-01
1.294449768066e+02 8.796270489693e-01
1.294410705566e+02 8.799424171448e-01
1.294371643066e+02 8.801737427711e-01
1.294332580566e+02 8.796057105064e-01
1.294293518066e+02 8.787783980370e-01
1.294254455566e+02 8.787801265717e-01
1.294215545654e+02 8.793858289719e-01
1.294176483154e+02 8.807393312454e-01
1.294137420654e+02 8.812797069550e-01
1.294098358154e+02 8.813165426254e-01
1.294059295654e+02 8.806486725807e-01
1.294020233154e+02 8.802701830864e-01
1.293981170654e+02 8.796472549438e-01
1.293942108154e+02 8.797855377197e-01
1.293903045654e+02 8.802863359451e-01
1.293863983154e+02 8.816349506378e-01
1.293824920654e+02 8.806876540184e-01
1.293785858154e+02 8.803428411484e-01
1.293746795654e+02 8.794780373573e-01
1.293707733154e+02 8.795539736748e-01
1.293668670654e+02 8.805721998215e-01
1.293629608154e+02 8.804291486740e-01
1.293590545654e+02 8.792478442192e-01
1.293551483154e+02 8.787933588028e-01
1.293512420654e+02 8.794581890106e-01
1.293473358154e+02 8.802499175072e-01
1.293434295654e+02 8.797245025635e-01
1.293395233154e+02 8.789458870888e-01
1.293356170654e+02 8.795614242554e-01
1.293317108154e+02 8.803208470345e-01
1.293278045654e+02 8.789379000664e-01
1.293238983154e+02 8.802468776703e-01
1.293199920654e+02 8.807237148285e-01
1.293160858154e+02 8.802976608276e-01
1.293121795654e+02 8.790597915649e-01
1.293082733154e+02 8.805345296860e-01
1.293043670654e+02 8.795077204704e-01
1.293004608154e+02 8.788935542107e-01
1.292965545654e+02 8.794875741005e-01
1.292926483154e+02 8.797699809074e-01
1.292887420654e+02 8.800994157791e-01
1.292848358154e+02 8.805456757545e-01
1.292809295654e+02 8.800978064537e-01
1.292770233154e+02 8.801857233047e-01
1.292731170654e+02 8.791597485542e-01
1.292692108154e+02 8.789592385292e-01
1.292653045654e+02 8.784793019295e-01
1.292613983154e+02 8.768500685692e-01
1.292574920654e+02 8.780986666679e-01
1.292535858154e+02 8.791219592094e-01
1.292496795654e+02 8.789458870888e-01
1.292457733154e+02 8.784913420677e-01
1.292418670654e+02 8.777821660042e-01
1.292379608154e+02 8.793475627899e-01
1.292340545654e+02 8.785848021507e-01
1.292301483154e+02 8.802819252014e-01
1.292262420654e+02 8.801870346069e-01
1.292223358154e+02 8.799386024475e-01
1.292184295654e+02 8.791673779488e-01
1.292145233154e+02 8.805071115494e-01
1.292106170654e+02 8.797808289528e-01
1.292067108154e+02 8.801573514938e-01
1.292028045654e+02 8.798663020134e-01
1.291988983154e+02 8.801500201225e-01
1.291949920654e+02 8.801580071449e-01
1.291910858154e+02 8.802158832550e-01
1.291871795654e+02 8.800334334373e-01
1.291832733154e+02 8.789848089218e-01
1.291793670654e+02 8.800049424171e-01
1.291754608154e+02 8.790527582169e-01
1.291715545654e+02 8.802986145020e-01
1.291676483154e+02 8.804683089256e-01
1.291637420654e+02 8.798331022263e-01
1.291598358154e+02 8.800200819969e-01
1.291559295654e+02 8.807982206345e-01
1.291520233154e+02 8.804731965065e-01
1.291481170654e+02 8.794074654579e-01
1.291442108154e+02 8.800097703934e-01
1.291403045654e+02 8.794972896576e-01
1.291363983154e+02 8.801339864731e-01
1.291324920654e+02 8.803042769432e-01
1.291285858154e+02 8.814508318901e-01
1.291246795654e+02 8.808926939964e-01
1.291207733154e+02 8.806625008583e-01
1.291168670654e+02 8.798348903656e-01
1.291129760742e+02 8.803679347038e-01
1.291090698242e+02 8.799825906754e-01
1.291051635742e+02 8.801568150520e-01
1.291012573242e+02 8.801313042641e-01
1.290973510742e+02 8.792741894722e-01
1.290934448242e+02 8.791003823280e-01
1.290895385742e+02 8.785433769226e-01
1.290856323242e+02 8.785421848297e-01
1.290817260742e+02 8.797631859779e-01
1.290778198242e+02 8.805888295174e-01
1.290739135742e+02 8.809791207314e-01
1.290700073242e+02 8.812102079391e-01
1.290661010742e+02 8.800836801529e-01
1.290621948242e+02 8.804270029068e-01
1.290582885742e+02 8.807377219200e-01
1.290543823242e+02 8.806173801422e-01
1.290504760742e+02 8.805220723152e-01
1.290465698242e+02 8.795834183693e-01
1.290426635742e+02 8.803803920746e-01
1.290387573242e+02 8.794132471085e-01
1.290348510742e+02 8.791302442551e-01
1.290309448242e+02 8.800396323204e-01
1.290270385742e+02 8.802308440208e-01
1.290231323242e+02 8.802311420441e-01
1.290192260742e+02 8.807690143585e-01
1.290153198242e+02 8.802381753922e-01
1.290114135742e+02 8.814851045609e-01
1.290075073242e+02 8.813128471375e-01
1.290036010742e+02 8.807260394096e-01
1.289996948242e+02 8.807333111763e-01
1.289957885742e+02 8.803913593292e-01
1.289918823242e+02 8.804283142090e-01
1.289879760742e+02 8.795040249825e-01
1.289840698242e+02 8.797416090965e-01
1.289801635742e+02 8.803237676620e-01
1.289762573242e+02 8.800866603851e-01
1.289723510742e+02 8.796954751015e-01
1.289684448242e+02 8.806592226028e-01
1.289645385742e+02 8.810182809830e-01
1.289606323242e+02 8.804566264153e-01
1.289567260742e+02 8.807991743088e-01
1.289528198242e+02 8.811575174332e-01
1.289489135742e+02 8.806673288345e-01
1.289450073242e+02 8.793550729752e-01
1.289411010742e+02 8.806264400482e-01
1.289371948242e+02 8.799601197243e-01
1.289332885742e+02 8.805125355721e-01
1.289293823242e+02 8.799669742584e-01
1.289254760742e+02 8.790781497955e-01
1.289215698242e+02 8.782378435135e-01
1.289176635742e+02 8.785026669502e-01
1.289137573242e+02 8.790347576141e-01
1.289098510742e+02 8.797701001167e-01
1.289059448242e+02 8.791203498840e-01
1.289020385742e+02 8.797096014023e-01
1.288981323242e+02 8.795708417892e-01
1.288942260742e+02 8.799641728401e-01
1.288903198242e+02 8.779195547104e-01
1.288864135742e+02 8.787480592728e-01
1.288825073242e+02 8.784942626953e-01
1.288786010742e+02 8.785570859909e-01
1.288746948242e+02 8.788129687309e-01
1.288707885742e+02 8.789485096931e-01
1.288668823242e+02 8.793408274651e-01
1.288629760742e+02 8.796995282173e-01
1.288590698242e+02 8.800664544106e-01
1.288551635742e+02 8.792764544487e-01
1.288512573242e+02 8.799057602882e-01
1.288473510742e+02 8.799613118172e-01
1.288434448242e+02 8.782780766487e-01
1.288395385742e+02 8.775546550751e-01
1.288356323242e+02 8.773775696754e-01
1.288317260742e+02 8.773732781410e-01
1.288278198242e+02 8.771607279778e-01
1.288239135742e+02 8.782531023026e-01
1.288200073242e+02 8.779948949814e-01
1.288161010742e+02 8.778648972511e-01
1.288121948242e+02 8.780938982964e-01
1.288082885742e+02 8.767135739326e-01
1.288043975830e+02 8.755244016647e-01
1.288004913330e+02 8.737614750862e-01
1.287965850830e+02 8.756638765335e-01
1.287926788330e+02 8.769617080688e-01
1.287887725830e+02 8.787078857422e-01
1.287848663330e+02 8.791508674622e-01
1.287809600830e+02 8.799946308136e-01
1.287770538330e+02 8.802281618118e-01
1.287731475830e+02 8.801763057709e-01
1.287692413330e+02 8.799583315849e-01
1.287653350830e+02 8.797605037689e-01
1.287614288330e+02 8.788479566574e-01
1.287575225830e+02 8.795254230499e-01
1.287536163330e+02 8.794733285904e-01
1.287497100830e+02 8.806559443474e-01
1.287458038330e+02 8.807019591331e-01
1.287418975830e+02 8.811404705048e-01
1.287379913330e+02 8.803814649582e-01
1.287340850830e+02 8.800573348999e-01
1.287301788330e+02 8.801215887070e-01
1.287262725830e+02 8.794823884964e-01
1.287223663330e+02 8.795396685600e-01
1.287184600830e+02 8.812994956970e-01
1.287145538330e+02 8.793058395386e-01
1.287106475830e+02 8.795226812363e-01
1.287067413330e+02 8.785996437073e-01
1.287028350830e+02 8.784877657890e-01
1.286989288330e+02 8.788194656372e-01
1.286950225830e+02 8.798526525497e-01
1.286911163330e+02 8.792356252670e-01
1.286872100830e+02 8.791795969009e-01
1.286833038330e+02 8.802987337112e-01
1.286793975830e+02 8.795322775841e-01
1.286754913330e+02 8.793061971664e-01
1.286715850830e+02 8.796560764313e-01
1.286676788330e+02 8.795113563538e-01
1.286637725830e+02 8.783525824547e-01
1.286598663330e+02 8.783091306686e-01
1.286559600830e+02 8.778297901154e-01
1.286520538330e+02 8.770192861557e-01
1.286481475830e+02 8.788220882416e-01
1.286442413330e+02 8.781521916389e-01
1.286403350830e+02 8.783031702042e-01
1.286364288330e+02 8.773936033249e-01
1.286325225830e+02 8.780910372734e-01
1.286286163330e+02 8.787457942963e-01
1.286247100830e+02 8.784575462341e-01
1.286208038330e+02 8.793130517006e-01
1.286168975830e+02 8.789604902267e-01
1.286129913330e+02 8.789594173431e-01
1.286090850830e+02 8.792914748192e-01
1.286051788330e+02 8.789161443710e-01
1.286012725830e+02 8.782038688660e-01
1.285973663330e+02 8.786202669144e-01
1.285934600830e+02 8.798846602440e-01
1.285895538330e+02 8.791707754135e-01
1.285856475830e+02 8.793539404869e-01
1.285817413330e+02 8.782435059547e-01
1.285778350830e+02 8.783650398254e-01
1.285739288330e+02 8.782751560211e-01
1.285700225830e+02 8.782173395157e-01
1.285661163330e+02 8.773257136345e-01
1.285622100830e+02 8.762729763985e-01
1.285583038330e+02 8.762023448944e-01
1.285543975830e+02 8.742539882660e-01
1.285504913330e+02 8.731890916824e-01
1.285465850830e+02 8.719182014465e-01
1.285426788330e+02 8.722729682922e-01
1.285387725830e+02 8.731763362885e-01
1.285348663330e+02 8.749635219574e-01
1.285309600830e+02 8.772155642509e-01
1.285270538330e+02 8.768191933632e-01
1.285231475830e+02 8.756208419800e-01
1.285192413330e+02 8.740019798279e-01
1.285153350830e+02 8.737082481384e-01
1.285114288330e+02 8.739038109779e-01
1.285075225830e+02 8.732457756996e-01
1.285036163330e+02 8.733716607094e-01
1.284997100830e+02 8.741514682770e-01
1.284958190918e+02 8.745393753052e-01
1.284919128418e+02 8.733489513397e-01
1.284880065918e+02 8.735872507095e-01
1.284841003418e+02 8.738738298416e-01
1.284801940918e+02 8.736078739166e-01
1.284762878418e+02 8.734965920448e-01
1.284723815918e+02 8.723626136780e-01
1.284684753418e+02 8.710197806358e-01
1.284645690918e+02 8.700516819954e-01
1.284606628418e+02 8.687612414360e-01
1.284567565918e+02 8.692092299461e-01
1.284528503418e+02 8.696640729904e-01
1.284489440918e+02 8.699436783791e-01
1.284450378418e+02 8.712819218636e-01
1.284411315918e+02 8.708094358444e-01
1.284372253418e+02 8.684677481651e-01
1.284333190918e+02 8.645171523094e-01
1.284294128418e+02 8.601958751678e-01
1.284255065918e+02 8.602631092072e-01
1.284216003418e+02 8.630937933922e-01
1.284176940918e+02 8.675485849380e-01
1.284137878418e+02 8.703662157059e-01
1.284098815918e+02 8.728547692299e-01
1.284059753418e+02 8.764392733574e-01
1.284020690918e+02 8.763964176178e-01
1.283981628418e+02 8.771761655807e-01
1.283942565918e+02 8.765094876289e-01
1.283903503418e+02 8.765468597412e-01
1.283864440918e+02 8.766767978668e-01
1.283825378418e+02 8.778327703476e-01
1.283786315918e+02 8.791779875755e-01
1.283747253418e+02 8.782611489296e-01
1.283708190918e+02 8.782905936241e-01
1.283669128418e+02 8.791576027870e-01
1.283630065918e+02 8.788803219795e-01
1.283591003418e+02 8.786962628365e-01
1.283551940918e+02 8.780351281166e-01
1.283512878418e+02 8.780089020729e-01
1.283473815918e+02 8.774800896645e-01
1.283434753418e+02 8.769541382790e-01
1.283395690918e+02 8.774870634079e-01
1.283356628418e+02 8.772240877151e-01
1.283317565918e+02 8.773893713951e-01
1.283278503418e+02 8.779881596565e-01
1.283239440918e+02 8.787923455238e-01
1.283200378418e+02 8.788614273071e-01
1.283161315918e+02 8.793745040894e-01
1.283122253418e+02 8.790348172188e-01
1.283083190918e+02 8.743152618408e-01
1.283044128418e+02 8.782503008842e-01
1.283005065918e+02 8.797312378883e-01
1.282966003418e+02 8.801782727242e-01
1.282926940918e+02 8.790024518967e-01
1.282887878418e+02 8.787719011307e-01
1.282848815918e+02 8.792623281479e-01
1.282809753418e+02 8.792077302933e-01
1.282770690918e+02 8.783991932869e-01
1.282731628418e+02 8.781432509422e-01
1.282692565918e+02 8.780028820038e-01
1.282653503418e+02 8.779598474503e-01
1.282614440918e+02 8.784829974174e-01
1.282575378418e+02 8.786281347275e-01
1.282536315918e+02 8.792462348938e-01
1.282497253418e+02 8.785425424576e-01
1.282458190918e+02 8.787341713905e-01
1.282419128418e+02 8.782310485840e-01
1.282380065918e+02 8.798187375069e-01
1.282341003418e+02 8.798081874847e-01
1.282301940918e+02 8.803064823151e-01
1.282262878418e+02 8.802502751350e-01
#1.282223815918e+02 8.814111351967e-01
#1.282184753418e+02 8.830375075340e-01
#1.282145690918e+02 8.818805217743e-01
#1.282106628418e+02 8.746609687805e-01
