#title: Spectral profile - NGC_1052_SPW2.image-raster
#region (world): Point[[02:41:04.798, -08d15m20.753]]
#region (pixel): Point[[127, 127]]
#coordinate: world
#xLabel: radio velocity [km/s]
#yLabel: [Jy/beam] Mean

# NGC_1052_SPW2.image-raster
3.248372314453e+03 8.371801972389e-01
3.239993896484e+03 8.381341695786e-01
3.231615722656e+03 8.385992646217e-01
3.223237304688e+03 8.414555191994e-01
3.214859130859e+03 8.433989882469e-01
3.206480712891e+03 8.454740047455e-01
3.198102539062e+03 8.456466197968e-01
3.189724121094e+03 8.448675870895e-01
3.181345947266e+03 8.418074250221e-01
3.172967529297e+03 8.413018584251e-01
3.164589355469e+03 8.406261801720e-01
3.156210937500e+03 8.414565920830e-01
3.147832763672e+03 8.411791324615e-01
3.139454345703e+03 8.410455584526e-01
3.131075927734e+03 8.419901132584e-01
3.122697753906e+03 8.414608836174e-01
3.114319335938e+03 8.409244418144e-01
3.105941162109e+03 8.419638276100e-01
3.097562744141e+03 8.413195610046e-01
3.089184570312e+03 8.401335477829e-01
3.080806152344e+03 8.400816917419e-01
3.072427978516e+03 8.411125540733e-01
3.064049560547e+03 8.407819867134e-01
3.055671386719e+03 8.424510955811e-01
3.047292968750e+03 8.412148952484e-01
3.038914794922e+03 8.417140245438e-01
3.030536376953e+03 8.405390381813e-01
3.022158203125e+03 8.405440449715e-01
3.013779785156e+03 8.415151238441e-01
3.005401611328e+03 8.426338434219e-01
2.997023193359e+03 8.421649336815e-01
2.988645019531e+03 8.415659070015e-01
2.980266601562e+03 8.407818078995e-01
2.971888427734e+03 8.399637937546e-01
2.963510009766e+03 8.403126597404e-01
2.955131835938e+03 8.401278853416e-01
2.946753417969e+03 8.413836956024e-01
2.938375244141e+03 8.423416018486e-01
2.929996826172e+03 8.409779071808e-01
2.921618652344e+03 8.409870266914e-01
2.913240234375e+03 8.396261334419e-01
2.904862060547e+03 8.393145799637e-01
2.896483642578e+03 8.392411470413e-01
2.888105468750e+03 8.402314782143e-01
2.879727050781e+03 8.404180407524e-01
2.871348876953e+03 8.396545648575e-01
2.862970458984e+03 8.394409418106e-01
2.854592285156e+03 8.394619822502e-01
2.846213867188e+03 8.390136361122e-01
2.837835693359e+03 8.392316102982e-01
2.829457275391e+03 8.403741121292e-01
2.821079101562e+03 8.411388397217e-01
2.812700683594e+03 8.410289287567e-01
2.804322509766e+03 8.404791355133e-01
2.795944091797e+03 8.400499820709e-01
2.787565673828e+03 8.399168848991e-01
2.779187500000e+03 8.404723405838e-01
2.770809082031e+03 8.400585651398e-01
2.762430908203e+03 8.391440510750e-01
2.754052490234e+03 8.392971754074e-01
2.745674316406e+03 8.396813869476e-01
2.737295898438e+03 8.407398462296e-01
2.728917724609e+03 8.404868841171e-01
2.720539306641e+03 8.403726816177e-01
2.712161132812e+03 8.395397663116e-01
2.703782714844e+03 8.398054838181e-01
2.695404541016e+03 8.404982686043e-01
2.687026123047e+03 8.405979871750e-01
2.678647949219e+03 8.407516479492e-01
2.670269531250e+03 8.409064412117e-01
2.661891357422e+03 8.401681184769e-01
2.653512939453e+03 8.410677909851e-01
2.645134765625e+03 8.411132693291e-01
2.636756347656e+03 8.406189084053e-01
2.628378173828e+03 8.408825993538e-01
2.619999755859e+03 8.400716185570e-01
2.611621582031e+03 8.407533764839e-01
2.603243164062e+03 8.400108218193e-01
2.594864990234e+03 8.400048017502e-01
2.586486572266e+03 8.397688865662e-01
2.578108398438e+03 8.397853970528e-01
2.569729980469e+03 8.388171792030e-01
2.561351806641e+03 8.399993181229e-01
2.552973388672e+03 8.395997881889e-01
2.544595214844e+03 8.397600650787e-01
2.536216796875e+03 8.395496010780e-01
2.527838623047e+03 8.383483290672e-01
2.519460205078e+03 8.397389054298e-01
2.511082031250e+03 8.389318585396e-01
2.502703613281e+03 8.399483561516e-01
2.494325439453e+03 8.392852544785e-01
2.485947021484e+03 8.404525518417e-01
2.477568847656e+03 8.398433923721e-01
2.469190429688e+03 8.407130837440e-01
2.460812255859e+03 8.398653864861e-01
2.452433837891e+03 8.390950560570e-01
2.444055419922e+03 8.392727375031e-01
2.435677246094e+03 8.395658135414e-01
2.427298828125e+03 8.403111696243e-01
2.418920654297e+03 8.386566042900e-01
2.410542236328e+03 8.395696282387e-01
2.402164062500e+03 8.392701745033e-01
2.393785644531e+03 8.393273949623e-01
2.385407470703e+03 8.384954929352e-01
2.377029052734e+03 8.381644487381e-01
2.368650878906e+03 8.385375738144e-01
2.360272460938e+03 8.386750817299e-01
2.351894287109e+03 8.394216299057e-01
2.343515869141e+03 8.399931788445e-01
2.335137695312e+03 8.413137197495e-01
2.326759277344e+03 8.402482271194e-01
2.318381103516e+03 8.399069309235e-01
2.310002685547e+03 8.393527865410e-01
2.301624511719e+03 8.391332626343e-01
2.293246093750e+03 8.381558656693e-01
2.284867919922e+03 8.378208279610e-01
2.276489501953e+03 8.384478092194e-01
2.268111328125e+03 8.399701714516e-01
2.259732910156e+03 8.396281003952e-01
2.251354736328e+03 8.389933109283e-01
2.242976318359e+03 8.384914398193e-01
2.234598144531e+03 8.392489552498e-01
2.226219726562e+03 8.383082151413e-01
2.217841552734e+03 8.389555215836e-01
2.209463134766e+03 8.395637869835e-01
2.201084960938e+03 8.400557637215e-01
2.192706542969e+03 8.404024839401e-01
2.184328369141e+03 8.398120999336e-01
2.175949951172e+03 8.405389189720e-01
2.167571777344e+03 8.398400545120e-01
2.159193359375e+03 8.392847776413e-01
2.150815185547e+03 8.391503691673e-01
2.142436767578e+03 8.387621045113e-01
2.134058593750e+03 8.394375443459e-01
2.125680175781e+03 8.395722508430e-01
2.117302001953e+03 8.382619023323e-01
2.108923583984e+03 8.392977714539e-01
2.100545166016e+03 8.393470048904e-01
2.092166992188e+03 8.394191265106e-01
2.083788574219e+03 8.405335545540e-01
2.075410400391e+03 8.395285010338e-01
2.067031982422e+03 8.392420411110e-01
2.058653808594e+03 8.398568034172e-01
2.050275390625e+03 8.383598327637e-01
2.041897216797e+03 8.399931788445e-01
2.033518920898e+03 8.396899700165e-01
2.025140625000e+03 8.398326635361e-01
2.016762329102e+03 8.386827111244e-01
2.008384033203e+03 8.386191129684e-01
2.000005737305e+03 8.388581871986e-01
1.991627441406e+03 8.385677933693e-01
1.983249145508e+03 8.385398983955e-01
1.974870849609e+03 8.392675518990e-01
1.966492553711e+03 8.398456573486e-01
1.958114257812e+03 8.387397527695e-01
1.949735961914e+03 8.389743566513e-01
1.941357666016e+03 8.390284180641e-01
1.932979248047e+03 8.389524221420e-01
1.924600952148e+03 8.388102650642e-01
1.916222656250e+03 8.393586874008e-01
1.907844360352e+03 8.386390209198e-01
1.899466064453e+03 8.390196561813e-01
1.891087768555e+03 8.391799330711e-01
1.882709472656e+03 8.401914834976e-01
1.874331176758e+03 8.396408557892e-01
1.865952880859e+03 8.398332595825e-01
1.857574584961e+03 8.394913673401e-01
1.849196289062e+03 8.391156196594e-01
1.840817993164e+03 8.386155366898e-01
1.832439697266e+03 8.386752009392e-01
1.824061401367e+03 8.389834761620e-01
1.815683105469e+03 8.384869694710e-01
1.807304809570e+03 8.379922509193e-01
1.798926513672e+03 8.379772901535e-01
1.790548217773e+03 8.392807245255e-01
1.782169921875e+03 8.388193249702e-01
1.773791625977e+03 8.386526703835e-01
1.765413330078e+03 8.382185697556e-01
1.757035034180e+03 8.389042615891e-01
1.748656738281e+03 8.380298614502e-01
1.740278442383e+03 8.375979661942e-01
1.731900146484e+03 8.385167121887e-01
1.723521850586e+03 8.376250267029e-01
1.715143554688e+03 8.381466269493e-01
1.706765258789e+03 8.378427624702e-01
1.698386962891e+03 8.374914526939e-01
1.690008666992e+03 8.373071551323e-01
1.681630371094e+03 8.392884135246e-01
1.673252075195e+03 8.398714065552e-01
1.664873779297e+03 8.396465778351e-01
1.656495483398e+03 8.394474983215e-01
1.648117187500e+03 8.391582369804e-01
1.639738891602e+03 8.390341401100e-01
1.631360595703e+03 8.378163576126e-01
1.622982299805e+03 8.378682136536e-01
1.614604003906e+03 8.381728529930e-01
1.606225708008e+03 8.388077020645e-01
1.597847412109e+03 8.383682370186e-01
1.589468994141e+03 8.384660482407e-01
1.581090698242e+03 8.384590148926e-01
1.572712402344e+03 8.379698395729e-01
1.564334106445e+03 8.385347127914e-01
1.555955810547e+03 8.389582037926e-01
1.547577514648e+03 8.380838632584e-01
1.539199218750e+03 8.379316926003e-01
1.530820922852e+03 8.379419445992e-01
1.522442626953e+03 8.388745784760e-01
1.514064331055e+03 8.385094404221e-01
1.505686035156e+03 8.399748206139e-01
1.497307739258e+03 8.392161726952e-01
1.488929443359e+03 8.393876552582e-01
1.480551147461e+03 8.392394781113e-01
1.472172851562e+03 8.393357992172e-01
1.463794555664e+03 8.390361666679e-01
1.455416259766e+03 8.395282626152e-01
1.447037963867e+03 8.391843438148e-01
1.438659667969e+03 8.395292162895e-01
1.430281372070e+03 8.393030166626e-01
1.421903076172e+03 8.382656574249e-01
1.413524780273e+03 8.386874794960e-01
1.405146484375e+03 8.393065929413e-01
1.396768188477e+03 8.394398689270e-01
1.388389892578e+03 8.386625051498e-01
1.380011596680e+03 8.388506174088e-01
1.371633300781e+03 8.385941386223e-01
1.363255004883e+03 8.385896682739e-01
1.354876708984e+03 8.389277458191e-01
1.346498413086e+03 8.396531343460e-01
1.338120117188e+03 8.393454551697e-01
1.329741821289e+03 8.392965793610e-01
1.321363525391e+03 8.391092419624e-01
1.312985229492e+03 8.391650319099e-01
1.304606933594e+03 8.384288549423e-01
1.296228637695e+03 8.392615318298e-01
1.287850341797e+03 8.396170735359e-01
1.279472045898e+03 8.397257924080e-01
1.271093750000e+03 8.401262760162e-01
1.262715454102e+03 8.402972817421e-01
1.254337158203e+03 8.398640155792e-01
1.245958740234e+03 8.398590087891e-01
1.237580444336e+03 8.398018479347e-01
1.229202148438e+03 8.397247195244e-01
1.220823852539e+03 8.400098085403e-01
1.212445556641e+03 8.413356542587e-01
1.204067260742e+03 8.408229947090e-01
1.195688964844e+03 8.398448228836e-01
1.187310668945e+03 8.403022289276e-01
1.178932373047e+03 8.396788835526e-01
1.170554077148e+03 8.402938246727e-01
1.162175781250e+03 8.391799926758e-01
1.153797485352e+03 8.406184315681e-01
1.145419189453e+03 8.402686119080e-01
1.137040893555e+03 8.401655554771e-01
1.128662597656e+03 8.412657380104e-01
1.120284301758e+03 8.399478793144e-01
1.111906005859e+03 8.402367234230e-01
1.103527709961e+03 8.408082127571e-01
1.095149414062e+03 8.392785787582e-01
1.086771118164e+03 8.407821655273e-01
1.078392822266e+03 8.408159613609e-01
1.070014526367e+03 8.403165340424e-01
1.061636230469e+03 8.400668501854e-01
1.053257934570e+03 8.411538004875e-01
1.044879638672e+03 8.402364850044e-01
1.036501342773e+03 8.407397866249e-01
1.028123046875e+03 8.408568501472e-01
1.019744750977e+03 8.407658934593e-01
1.011366455078e+03 8.412708044052e-01
1.002988159180e+03 8.416521549225e-01
9.946098632812e+02 8.421403169632e-01
9.862315063477e+02 8.413356542587e-01
9.778532104492e+02 8.411368131638e-01
9.694749145508e+02 8.399912118912e-01
9.610966186523e+02 8.406589031219e-01
9.527183227539e+02 8.408693671227e-01
9.443400268555e+02 8.403353095055e-01
9.359617309570e+02 8.402559757233e-01
9.275834350586e+02 8.396548032761e-01
9.192051391602e+02 8.407607078552e-01
9.108268432617e+02 8.399572372437e-01
9.024485473633e+02 8.394567370415e-01
8.940702514648e+02 8.402020931244e-01
8.856919555664e+02 8.397890925407e-01
8.773136596680e+02 8.403013944626e-01
8.689353637695e+02 8.399784564972e-01
8.605570678711e+02 8.412691950798e-01
8.521787719727e+02 8.409251570702e-01
8.438004760742e+02 8.409085869789e-01
8.354221801758e+02 8.405359983444e-01
8.270438842773e+02 8.395610451698e-01
8.186655273438e+02 8.398056626320e-01
8.102872314453e+02 8.399378657341e-01
8.019089355469e+02 8.388619422913e-01
7.935306396484e+02 8.397254943848e-01
7.851523437500e+02 8.398705720901e-01
7.767740478516e+02 8.404356241226e-01
7.683957519531e+02 8.410307168961e-01
7.600174560547e+02 8.403341770172e-01
7.516391601562e+02 8.390708565712e-01
7.432608642578e+02 8.395546078682e-01
7.348825683594e+02 8.394100666046e-01
7.265042724609e+02 8.392079472542e-01
7.181259765625e+02 8.384157419205e-01
7.097476806641e+02 8.383167386055e-01
7.013693847656e+02 8.385751247406e-01
6.929910888672e+02 8.376249670982e-01
6.846127929688e+02 8.380193114281e-01
6.762344970703e+02 8.382900953293e-01
6.678562011719e+02 8.385439515114e-01
6.594779052734e+02 8.391310572624e-01
6.510996093750e+02 8.386670947075e-01
6.427212524414e+02 8.390264511108e-01
6.343429565430e+02 8.392937183380e-01
6.259646606445e+02 8.380335569382e-01
6.175863647461e+02 8.391568064690e-01
6.092080688477e+02 8.396371006966e-01
6.008297729492e+02 8.397984504700e-01
5.924514770508e+02 8.387019038200e-01
5.840731811523e+02 8.396848440170e-01
5.756948852539e+02 8.393561840057e-01
5.673165893555e+02 8.401654958725e-01
5.589382934570e+02 8.396887779236e-01
5.505599975586e+02 8.397928476334e-01
5.421817016602e+02 8.390449285507e-01
5.338034057617e+02 8.388426303864e-01
5.254251098633e+02 8.375325202942e-01
5.170468139648e+02 8.371525406837e-01
5.086684875488e+02 8.360788226128e-01
5.002901916504e+02 8.360059261322e-01
4.919118957520e+02 8.375759720802e-01
4.835335998535e+02 8.378155231476e-01
4.751553039551e+02 8.382129669189e-01
4.667770080566e+02 8.389724493027e-01
4.583987121582e+02 8.382832407951e-01
4.500204162598e+02 8.372983932495e-01
4.416421203613e+02 8.366669416428e-01
4.332637939453e+02 8.377298712730e-01
4.248854980469e+02 8.365748524666e-01
4.165072021484e+02 8.371915221214e-01
4.081289062500e+02 8.369829058647e-01
3.997506103516e+02 8.364540934563e-01
3.913723144531e+02 8.376654386520e-01
3.829940185547e+02 8.387019634247e-01
3.746157226562e+02 8.376812934875e-01
3.662374267578e+02 8.388611078262e-01
3.578591308594e+02 8.386554121971e-01
3.494808349609e+02 8.377613425255e-01
3.411025085449e+02 8.380829095840e-01
3.327242126465e+02 8.400385379791e-01
3.243459167480e+02 8.383759856224e-01
3.159676208496e+02 8.382526040077e-01
3.075893249512e+02 8.384733200073e-01
2.992110290527e+02 8.381214737892e-01
2.908327331543e+02 8.377543687820e-01
2.824544372559e+02 8.370881080627e-01
2.740761413574e+02 8.375141620636e-01
2.656978454590e+02 8.370550274849e-01
2.573195190430e+02 8.362401723862e-01
2.489412384033e+02 8.383667469025e-01
2.405629425049e+02 8.379946351051e-01
2.321846313477e+02 8.376789093018e-01
2.238063354492e+02 8.378805518150e-01
2.154280395508e+02 8.381893634796e-01
2.070497436523e+02 8.390306830406e-01
1.986714477539e+02 8.389449119568e-01
1.902931365967e+02 8.395653367043e-01
1.819148406982e+02 8.390116095543e-01
1.735365447998e+02 8.391616344452e-01
1.651582489014e+02 8.392581939697e-01
1.567799530029e+02 8.395323157310e-01
1.484016418457e+02 8.389948606491e-01
1.400233459473e+02 8.389039039612e-01
1.316450500488e+02 8.374378681183e-01
1.232667541504e+02 8.373438119888e-01
1.148884506226e+02 8.381148576736e-01
1.065101547241e+02 8.377116918564e-01
9.813185119629e+01 8.367377519608e-01
8.975355529785e+01 8.378300666809e-01
8.137525939941e+01 8.374481797218e-01
7.299695587158e+01 8.374258279800e-01
6.461865997314e+01 8.375189304352e-01
5.624036026001e+01 8.384585380554e-01
4.786206054688e+01 8.372009992599e-01
3.948376083374e+01 8.370417952538e-01
3.110546302795e+01 8.365421891212e-01
2.272716522217e+01 8.371847271919e-01
1.434886550903e+01 8.385127782822e-01
5.970566749573e+00 8.376455307007e-01
-2.407732248306e+00 8.379387855530e-01
-1.078603076935e+01 8.387856483459e-01
-1.916432952881e+01 8.381627202034e-01
-2.754262924194e+01 8.370549678802e-01
-3.592092895508e+01 8.371297717094e-01
-4.429922485352e+01 8.375164270401e-01
-5.267752456665e+01 8.383578062057e-01
-6.105582427979e+01 8.389291167259e-01
-6.943412017822e+01 8.389411568642e-01
-7.781242370605e+01 8.392421603203e-01
-8.619071960449e+01 8.384568691254e-01
-9.456902313232e+01 8.379487991333e-01
-1.029473190308e+02 8.390601277351e-01
-1.113256149292e+02 8.385502099991e-01
-1.197039184570e+02 8.379938006401e-01
-1.280822143555e+02 8.369925618172e-01
-1.364605102539e+02 8.376787304878e-01
-1.448388061523e+02 8.374521732330e-01
-1.532171173096e+02 8.366972208023e-01
-1.615954132080e+02 8.380527496338e-01
-1.699737091064e+02 8.387989401817e-01
-1.783520050049e+02 8.393020033836e-01
-1.867303009033e+02 8.403107523918e-01
-1.951086120605e+02 8.388084769249e-01
-2.034869079590e+02 8.387698531151e-01
-2.118652038574e+02 8.383212089539e-01
-2.202434997559e+02 8.386164307594e-01
-2.286217956543e+02 8.386396169662e-01
-2.370001068115e+02 8.386120200157e-01
-2.453784027100e+02 8.384158015251e-01
-2.537566986084e+02 8.382706642151e-01
-2.621350097656e+02 8.380106091499e-01
-2.705133056641e+02 8.380820155144e-01
-2.788916015625e+02 8.374016284943e-01
-2.872698974609e+02 8.380703926086e-01
-2.956481933594e+02 8.381500244141e-01
-3.040264892578e+02 8.381546735764e-01
-3.124047851562e+02 8.377763628960e-01
-3.207830810547e+02 8.376653790474e-01
-3.291613769531e+02 8.378494977951e-01
-3.375396728516e+02 8.398468494415e-01
-3.459179992676e+02 8.398275971413e-01
-3.542962951660e+02 8.396747112274e-01
-3.626745910645e+02 8.391599655151e-01
-3.710528869629e+02 8.394520878792e-01
-3.794311828613e+02 8.402078151703e-01
-3.878094787598e+02 8.393086194992e-01
-3.961877746582e+02 8.400589823723e-01
-4.045660705566e+02 8.387446999550e-01
-4.129443664551e+02 8.385547995567e-01
-4.213226623535e+02 8.391627073288e-01
-4.297009887695e+02 8.391059041023e-01
-4.380792846680e+02 8.380606770515e-01
-4.464575805664e+02 8.383052349091e-01
-4.548358764648e+02 8.374494910240e-01
-4.632141723633e+02 8.377144336700e-01
-4.715924682617e+02 8.395454287529e-01
-4.799707641602e+02 8.392059803009e-01
-4.883490600586e+02 8.382375240326e-01
-4.967273559570e+02 8.375039696693e-01
-5.051056518555e+02 8.372043967247e-01
-5.134839477539e+02 8.377870321274e-01
-5.218622436523e+02 8.383700847626e-01
-5.302405395508e+02 8.389415144920e-01
-5.386188354492e+02 8.391200304031e-01
-5.469971313477e+02 8.390796780586e-01
-5.553754272461e+02 8.381468653679e-01
-5.637537841797e+02 8.384560942650e-01
-5.721320800781e+02 8.390026688576e-01
-5.805103759766e+02 8.387894630432e-01
-5.888886718750e+02 8.377200961113e-01
-5.972669677734e+02 8.367220759392e-01
-6.056452636719e+02 8.373252749443e-01
-6.140235595703e+02 8.363870978355e-01
-6.224018554688e+02 8.365804553032e-01
-6.307801513672e+02 8.370833992958e-01
-6.391584472656e+02 8.371441960335e-01
-6.475367431641e+02 8.384577631950e-01
-6.559150390625e+02 8.394204378128e-01
-6.642933349609e+02 8.388596773148e-01
-6.726716308594e+02 8.388397097588e-01
-6.810499267578e+02 8.386033177376e-01
-6.894282226562e+02 8.396236300468e-01
-6.978065185547e+02 8.385446667671e-01
-7.061848144531e+02 8.383788466454e-01
-7.145631103516e+02 8.388203382492e-01
-7.229414062500e+02 8.403969407082e-01
-7.313197631836e+02 8.406978249550e-01
-7.396980590820e+02 8.402680754662e-01
-7.480763549805e+02 8.352590203285e-01
