#title: Spectral profile - NGC_1052_SPW2.image-raster
#region (world): Point[[02:41:04.798, -08d15m20.752]]
#region (pixel): Point[[128, 127]]
#coordinate: world
#xLabel: radio velocity [km/s]
#yLabel: [Jy/beam] Mean

# NGC_1052_SPW2.image-raster
#3.122468261719e+03 1.113405942917e+00
#3.110516845703e+03 1.114750862122e+00
#3.098565429688e+03 1.116720795631e+00
#3.086614257812e+03 1.119168519974e+00
3.074662841797e+03 1.121303558350e+00
3.062711425781e+03 1.124333620071e+00
3.050760009766e+03 1.124631524086e+00
3.038808837891e+03 1.123043894768e+00
3.026857421875e+03 1.119739294052e+00
3.014906005859e+03 1.119390130043e+00
3.002954589844e+03 1.121051907539e+00
2.991003173828e+03 1.120345473289e+00
2.979052001953e+03 1.120148062706e+00
2.967100585938e+03 1.121605277061e+00
2.955149169922e+03 1.120101571083e+00
2.943197753906e+03 1.122104287148e+00
2.931246582031e+03 1.121046066284e+00
2.919295166016e+03 1.121390104294e+00
2.907343750000e+03 1.120419740677e+00
2.895392333984e+03 1.120917677879e+00
2.883440917969e+03 1.121256828308e+00
2.871489746094e+03 1.119853138924e+00
2.859538330078e+03 1.119482040405e+00
2.847586914062e+03 1.119477629662e+00
2.835635498047e+03 1.121005296707e+00
2.823684082031e+03 1.119468688965e+00
2.811732910156e+03 1.120565414429e+00
2.799781494141e+03 1.119160175323e+00
2.787830078125e+03 1.120967984200e+00
2.775878662109e+03 1.120918393135e+00
2.763927490234e+03 1.120002150536e+00
2.751976074219e+03 1.119778156281e+00
2.740024658203e+03 1.120530128479e+00
2.728073242188e+03 1.119893193245e+00
2.716121826172e+03 1.119085311890e+00
2.704170654297e+03 1.120370507240e+00
2.692219238281e+03 1.120190024376e+00
2.680267822266e+03 1.120875835419e+00
2.668316406250e+03 1.120935201645e+00
2.656365234375e+03 1.120421528816e+00
2.644413818359e+03 1.120649456978e+00
2.632462402344e+03 1.119349837303e+00
2.620510986328e+03 1.119706034660e+00
2.608559570312e+03 1.118013739586e+00
2.596608398438e+03 1.118674278259e+00
2.584656982422e+03 1.118283510208e+00
2.572705566406e+03 1.120270371437e+00
2.560754150391e+03 1.120133280754e+00
2.548802978516e+03 1.120651960373e+00
2.536851562500e+03 1.119383573532e+00
2.524900146484e+03 1.121523022652e+00
2.512948730469e+03 1.121075630188e+00
2.500997314453e+03 1.119539618492e+00
2.489046142578e+03 1.119651079178e+00
2.477094726562e+03 1.117355823517e+00
2.465143310547e+03 1.118655562401e+00
2.453191894531e+03 1.119931817055e+00
2.441240478516e+03 1.118627548218e+00
2.429289306641e+03 1.119744896889e+00
2.417337890625e+03 1.117130041122e+00
2.405386474609e+03 1.120020508766e+00
2.393435058594e+03 1.118617653847e+00
2.381483886719e+03 1.120368123055e+00
2.369532470703e+03 1.120288848877e+00
2.357581054688e+03 1.120545744896e+00
2.345629638672e+03 1.121141552925e+00
2.333678222656e+03 1.118559837341e+00
2.321727050781e+03 1.121176242828e+00
2.309775634766e+03 1.118292212486e+00
2.297824218750e+03 1.120464563370e+00
2.285872802734e+03 1.120723247528e+00
2.273921630859e+03 1.119322419167e+00
2.261970214844e+03 1.120354413986e+00
2.250018798828e+03 1.119566321373e+00
2.238067382812e+03 1.118978023529e+00
2.226115966797e+03 1.120467305183e+00
2.214164794922e+03 1.122012734413e+00
2.202213378906e+03 1.122161746025e+00
2.190261962891e+03 1.121632695198e+00
2.178310546875e+03 1.121062397957e+00
2.166359130859e+03 1.118116736412e+00
2.154407958984e+03 1.120348811150e+00
2.142456542969e+03 1.120127558708e+00
2.130505126953e+03 1.118663549423e+00
2.118553710938e+03 1.118752837181e+00
2.106602539062e+03 1.119588732719e+00
2.094651123047e+03 1.120039463043e+00
2.082699707031e+03 1.119275450706e+00
2.070748291016e+03 1.121337413788e+00
2.058796875000e+03 1.120154738426e+00
2.046845581055e+03 1.119898796082e+00
2.034894287109e+03 1.119894504547e+00
2.022942871094e+03 1.119676113129e+00
2.010991577148e+03 1.120812058449e+00
1.999040161133e+03 1.118930339813e+00
1.987088867188e+03 1.121653914452e+00
1.975137451172e+03 1.119858145714e+00
1.963186035156e+03 1.121168851852e+00
1.951234741211e+03 1.120962619781e+00
1.939283325195e+03 1.120223641396e+00
1.927332031250e+03 1.119284868240e+00
1.915380615234e+03 1.121394038200e+00
1.903429321289e+03 1.119410037994e+00
1.891477905273e+03 1.120198965073e+00
1.879526489258e+03 1.120581269264e+00
1.867575195312e+03 1.118994355202e+00
1.855623779297e+03 1.116629481316e+00
1.843672485352e+03 1.118805527687e+00
1.831721069336e+03 1.120575785637e+00
1.819769775391e+03 1.118730664253e+00
1.807818359375e+03 1.119832634926e+00
1.795867065430e+03 1.121096491814e+00
1.783915649414e+03 1.118466973305e+00
1.771964233398e+03 1.119621753693e+00
1.760012939453e+03 1.120429277420e+00
1.748061523438e+03 1.119056582451e+00
1.736110229492e+03 1.120739340782e+00
1.724158813477e+03 1.120759010315e+00
1.712207519531e+03 1.121124744415e+00
1.700256103516e+03 1.120597839355e+00
1.688304687500e+03 1.118305444717e+00
1.676353393555e+03 1.118654370308e+00
1.664401977539e+03 1.117082118988e+00
1.652450683594e+03 1.116454601288e+00
1.640499267578e+03 1.116422057152e+00
1.628547973633e+03 1.117862462997e+00
1.616596557617e+03 1.118377804756e+00
1.604645263672e+03 1.118667364120e+00
1.592693847656e+03 1.117402076721e+00
1.580742431641e+03 1.118846535683e+00
1.568791137695e+03 1.118276238441e+00
1.556839721680e+03 1.119458198547e+00
1.544888427734e+03 1.118906497955e+00
1.532937011719e+03 1.116859316826e+00
1.520985717773e+03 1.116789460182e+00
1.509034301758e+03 1.114033102989e+00
1.497082885742e+03 1.115572094917e+00
1.485131591797e+03 1.119156718254e+00
1.473180175781e+03 1.118863940239e+00
1.461228881836e+03 1.118437528610e+00
1.449277465820e+03 1.118160009384e+00
1.437326171875e+03 1.116701841354e+00
1.425374755859e+03 1.115606904030e+00
1.413423339844e+03 1.115028381348e+00
1.401472045898e+03 1.116421103477e+00
1.389520629883e+03 1.117410540581e+00
1.377569335938e+03 1.119692802429e+00
1.365617919922e+03 1.119848608971e+00
1.353666625977e+03 1.119797706604e+00
1.341715209961e+03 1.119920015335e+00
1.329763916016e+03 1.119665145874e+00
1.317812500000e+03 1.118561625481e+00
1.305861083984e+03 1.119019389153e+00
1.293909790039e+03 1.120838046074e+00
1.281958374023e+03 1.120128750801e+00
1.270007080078e+03 1.120483160019e+00
1.258055664062e+03 1.118663311005e+00
1.246104370117e+03 1.117852568626e+00
1.234152954102e+03 1.117588996887e+00
1.222201538086e+03 1.118007659912e+00
1.210250244141e+03 1.120464205742e+00
1.198298828125e+03 1.120359778404e+00
1.186347534180e+03 1.121463537216e+00
1.174396118164e+03 1.120218873024e+00
1.162444824219e+03 1.120907187462e+00
1.150493408203e+03 1.119447112083e+00
1.138542114258e+03 1.119972229004e+00
1.126590698242e+03 1.120040655136e+00
1.114639282227e+03 1.118673205376e+00
1.102687988281e+03 1.120337486267e+00
1.090736572266e+03 1.119718194008e+00
1.078785278320e+03 1.122040390968e+00
1.066833862305e+03 1.119101881981e+00
1.054882568359e+03 1.120714068413e+00
1.042931152344e+03 1.119002461433e+00
1.030979736328e+03 1.119041681290e+00
1.019028442383e+03 1.119140267372e+00
1.007077087402e+03 1.119071722031e+00
9.951257324219e+02 1.119655251503e+00
9.831743164062e+02 1.117879748344e+00
9.712229614258e+02 1.118964672089e+00
9.592716064453e+02 1.120535254478e+00
9.473202514648e+02 1.120089530945e+00
9.353688964844e+02 1.119327545166e+00
9.234175415039e+02 1.119749665260e+00
9.114661865234e+02 1.119408845901e+00
8.995147705078e+02 1.119073510170e+00
8.875634155273e+02 1.119690656662e+00
8.756120605469e+02 1.120783925056e+00
8.636607055664e+02 1.120543837547e+00
8.517093505859e+02 1.120068073273e+00
8.397579956055e+02 1.120741128922e+00
8.278066406250e+02 1.118729114532e+00
8.158552856445e+02 1.120163559914e+00
8.039038696289e+02 1.118845462799e+00
7.919525146484e+02 1.119291424751e+00
7.800011596680e+02 1.119128465652e+00
7.680498046875e+02 1.118893742561e+00
7.560984497070e+02 1.119540810585e+00
7.441470947266e+02 1.120226144791e+00
7.321957397461e+02 1.119048357010e+00
7.202443847656e+02 1.118162631989e+00
7.082929687500e+02 1.118211984634e+00
6.963416137695e+02 1.117954373360e+00
6.843902587891e+02 1.119229674339e+00
6.724389038086e+02 1.120111584663e+00
6.604875488281e+02 1.119624257088e+00
6.485361938477e+02 1.117975234985e+00
6.365848388672e+02 1.116312503815e+00
6.246334838867e+02 1.116918444633e+00
6.126820678711e+02 1.119186758995e+00
6.007307128906e+02 1.119853138924e+00
5.887793579102e+02 1.121535658836e+00
5.768280029297e+02 1.120412349701e+00
5.648766479492e+02 1.117699742317e+00
5.529252929688e+02 1.118442893028e+00
5.409739379883e+02 1.116784334183e+00
5.290225830078e+02 1.117973685265e+00
5.170711669922e+02 1.115988135338e+00
5.051198425293e+02 1.118385672569e+00
4.931684570312e+02 1.117895960808e+00
4.812171020508e+02 1.117939352989e+00
4.692657470703e+02 1.118622422218e+00
4.573143920898e+02 1.119917035103e+00
4.453630065918e+02 1.120198488235e+00
4.334116516113e+02 1.116878390312e+00
4.214602966309e+02 1.118687510490e+00
4.095089416504e+02 1.118286609650e+00
3.975575561523e+02 1.119283676147e+00
3.856062011719e+02 1.118196368217e+00
3.736548461914e+02 1.119165539742e+00
3.617034912109e+02 1.121292710304e+00
3.497521057129e+02 1.119903087616e+00
3.378007507324e+02 1.120122313499e+00
3.258493957520e+02 1.119702816010e+00
3.138980102539e+02 1.119522809982e+00
3.019466552734e+02 1.120604276657e+00
2.899953002930e+02 1.118847370148e+00
2.780439453125e+02 1.118748188019e+00
2.660925598145e+02 1.118004918098e+00
2.541412048340e+02 1.118878483772e+00
2.421898498535e+02 1.116706967354e+00
2.302384796143e+02 1.120389461517e+00
2.182871246338e+02 1.118683934212e+00
2.063357543945e+02 1.119396686554e+00
1.943843994141e+02 1.119238495827e+00
1.824330291748e+02 1.120024561882e+00
1.704816741943e+02 1.119668245316e+00
1.585303039551e+02 1.118789792061e+00
1.465789489746e+02 1.121607422829e+00
1.346275787354e+02 1.120054244995e+00
1.226762237549e+02 1.120331287384e+00
1.107248611450e+02 1.121726036072e+00
9.877349853516e+01 1.120799303055e+00
8.682213592529e+01 1.120859742165e+00
7.487077331543e+01 1.119889855385e+00
6.291940689087e+01 1.120478868484e+00
5.096804428101e+01 1.119753718376e+00
3.901668167114e+01 1.119813561440e+00
2.706531906128e+01 1.118418216705e+00
1.511395645142e+01 1.118049263954e+00
3.162593841553e+00 1.119376063347e+00
-8.788768768311e+00 1.118977069855e+00
-2.074013137817e+01 1.119130611420e+00
-3.269149398804e+01 1.121645092964e+00
-4.464285659790e+01 1.120930433273e+00
-5.659421920776e+01 1.120943903923e+00
-6.854558563232e+01 1.119555711746e+00
-8.049694824219e+01 1.120558619499e+00
-9.244831085205e+01 1.118236422539e+00
-1.043996734619e+02 1.119326353073e+00
-1.163510360718e+02 1.120117425919e+00
-1.283023986816e+02 1.120336055756e+00
-1.402537536621e+02 1.119752287865e+00
-1.522051239014e+02 1.119588613510e+00
-1.641564788818e+02 1.119460821152e+00
-1.761078491211e+02 1.118761181831e+00
-1.880592041016e+02 1.118663311005e+00
-2.000105743408e+02 1.118795275688e+00
-2.119619293213e+02 1.119053363800e+00
-2.239132995605e+02 1.120186924934e+00
-2.358646545410e+02 1.118911027908e+00
-2.478160247803e+02 1.118799805641e+00
-2.597673950195e+02 1.119452476501e+00
-2.717187500000e+02 1.118131518364e+00
-2.836701049805e+02 1.116101145744e+00
-2.956214599609e+02 1.117731809616e+00
-3.075728454590e+02 1.116666674614e+00
-3.195242004395e+02 1.117027878761e+00
-3.314755554199e+02 1.116984248161e+00
-3.434269409180e+02 1.118248581886e+00
-3.553782958984e+02 1.120018362999e+00
-3.673296508789e+02 1.120275139809e+00
-3.792810058594e+02 1.117406964302e+00
-3.912323913574e+02 1.119024872780e+00
-4.031837463379e+02 1.119747161865e+00
-4.151351013184e+02 1.116890668869e+00
-4.270864562988e+02 1.117566943169e+00
-4.390378417969e+02 1.117873787880e+00
-4.509891967773e+02 1.117198586464e+00
-4.629405517578e+02 1.117806792259e+00
-4.748919067383e+02 1.117961168289e+00
-4.868432922363e+02 1.118010520935e+00
-4.987946472168e+02 1.117672204971e+00
-5.107460021973e+02 1.116409897804e+00
-5.226973876953e+02 1.116711735725e+00
-5.346487426758e+02 1.119350552559e+00
-5.466000976562e+02 1.117869615555e+00
-5.585514526367e+02 1.119225025177e+00
-5.705028076172e+02 1.120363593102e+00
-5.824541625977e+02 1.119234085083e+00
-5.944055175781e+02 1.119001626968e+00
-6.063569335938e+02 1.117164611816e+00
-6.183082885742e+02 1.117546796799e+00
-6.302596435547e+02 1.118488311768e+00
-6.422109985352e+02 1.119173049927e+00
-6.541623535156e+02 1.119493603706e+00
-6.661137084961e+02 1.119600415230e+00
-6.780650634766e+02 1.118303537369e+00
-6.900164184570e+02 1.119055151939e+00
-7.019678344727e+02 1.118845343590e+00
-7.139191894531e+02 1.117299318314e+00
-7.258705444336e+02 1.118342518806e+00
-7.378218994141e+02 1.118485450745e+00
-7.497732543945e+02 1.119662404060e+00
-7.617246093750e+02 1.118756532669e+00
-7.736759643555e+02 1.119989991188e+00
-7.856273193359e+02 1.118747591972e+00
-7.975787353516e+02 1.118528008461e+00
-8.095300903320e+02 1.118695020676e+00
-8.214814453125e+02 1.118815898895e+00
-8.334328002930e+02 1.119235754013e+00
-8.453841552734e+02 1.118264913559e+00
-8.573355102539e+02 1.119351029396e+00
-8.692868652344e+02 1.119161844254e+00
-8.812382202148e+02 1.119103431702e+00
-8.931896362305e+02 1.118385553360e+00
-9.051409912109e+02 1.119214534760e+00
-9.170923461914e+02 1.117852807045e+00
-9.290437011719e+02 1.117447853088e+00
-9.409950561523e+02 1.118756413460e+00
-9.529464111328e+02 1.120512485504e+00
-9.648977661133e+02 1.119365811348e+00
-9.768491821289e+02 1.117841601372e+00
-9.888005371094e+02 1.118923544884e+00
-1.000751892090e+03 1.118500709534e+00
-1.012703247070e+03 1.117505669594e+00
-1.024654663086e+03 1.117312788963e+00
-1.036605957031e+03 1.118652105331e+00
-1.048557373047e+03 1.119093894958e+00
-1.060508666992e+03 1.117451429367e+00
-1.072460083008e+03 1.116624593735e+00
-1.084411376953e+03 1.117643356323e+00
-1.096362792969e+03 1.117015242577e+00
-1.108314086914e+03 1.115571856499e+00
-1.120265502930e+03 1.116659998894e+00
-1.132216918945e+03 1.116170167923e+00
-1.144168212891e+03 1.118531823158e+00
-1.156119628906e+03 1.117755770683e+00
-1.168070922852e+03 1.117943286896e+00
-1.180022338867e+03 1.119037508965e+00
-1.191973632812e+03 1.118009448051e+00
-1.203925048828e+03 1.117867469788e+00
-1.215876464844e+03 1.120003342628e+00
-1.227827758789e+03 1.118083238602e+00
-1.239779174805e+03 1.118927001953e+00
-1.251730468750e+03 1.120304703712e+00
-1.263681884766e+03 1.120099306107e+00
-1.275633178711e+03 1.118940234184e+00
-1.287584594727e+03 1.118392109871e+00
-1.299535888672e+03 1.117966413498e+00
-1.311487304688e+03 1.116068959236e+00
-1.323438720703e+03 1.115410089493e+00
-1.335390014648e+03 1.116338014603e+00
-1.347341430664e+03 1.116475701332e+00
-1.359292724609e+03 1.115078926086e+00
-1.371244140625e+03 1.116026043892e+00
-1.383195434570e+03 1.117774486542e+00
-1.395146850586e+03 1.116922497749e+00
-1.407098266602e+03 1.118873834610e+00
-1.419049560547e+03 1.117659807205e+00
-1.431000976562e+03 1.116949439049e+00
-1.442952270508e+03 1.117640733719e+00
-1.454903686523e+03 1.116245508194e+00
-1.466854980469e+03 1.117100358009e+00
-1.478806396484e+03 1.116749644279e+00
-1.490757690430e+03 1.116277813911e+00
-1.502709106445e+03 1.117124438286e+00
-1.514660522461e+03 1.116329669952e+00
-1.526611816406e+03 1.115322947502e+00
-1.538563232422e+03 1.117063522339e+00
-1.550514526367e+03 1.114929795265e+00
-1.562465942383e+03 1.116837382317e+00
-1.574417236328e+03 1.118795394897e+00
-1.586368652344e+03 1.118764400482e+00
-1.598320068359e+03 1.116631031036e+00
-1.610271362305e+03 1.117739558220e+00
-1.622222778320e+03 1.116581916809e+00
-1.634174072266e+03 1.116454720497e+00
-1.646125488281e+03 1.117034316063e+00
-1.658076782227e+03 1.116595149040e+00
-1.670028198242e+03 1.117975711823e+00
-1.681979614258e+03 1.117090582848e+00
-1.693930908203e+03 1.115591645241e+00
-1.705882324219e+03 1.118024349213e+00
-1.717833618164e+03 1.115555405617e+00
-1.729785034180e+03 1.116529345512e+00
-1.741736328125e+03 1.116721034050e+00
-1.753687744141e+03 1.117944478989e+00
-1.765639038086e+03 1.119143843651e+00
-1.777590454102e+03 1.118843317032e+00
-1.789541870117e+03 1.118569612503e+00
-1.801493164062e+03 1.115919589996e+00
-1.813444580078e+03 1.116003155708e+00
-1.825395874023e+03 1.116104841232e+00
-1.837347290039e+03 1.117075800896e+00
-1.849298583984e+03 1.116724610329e+00
-1.861250000000e+03 1.116494297981e+00
-1.873201416016e+03 1.117051839828e+00
-1.885152709961e+03 1.115924954414e+00
-1.897104125977e+03 1.116955041885e+00
-1.909055419922e+03 1.117683291435e+00
-1.921006835938e+03 1.116910338402e+00
-1.932958129883e+03 1.116244196892e+00
-1.944909545898e+03 1.117557406425e+00
-1.956860839844e+03 1.115940570831e+00
-1.968812255859e+03 1.116063833237e+00
-1.980763671875e+03 1.114292025566e+00
-1.992714965820e+03 1.117063403130e+00
-2.004666381836e+03 1.116668939590e+00
-2.016617675781e+03 1.116734385490e+00
-2.028569091797e+03 1.116587638855e+00
-2.040520385742e+03 1.115972518921e+00
-2.052471679688e+03 1.118062615395e+00
-2.064423095703e+03 1.118584871292e+00
-2.076374511719e+03 1.117491841316e+00
-2.088325927734e+03 1.119117736816e+00
-2.100277343750e+03 1.118328571320e+00
-2.112228515625e+03 1.118710517883e+00
-2.124179931641e+03 1.117420434952e+00
-2.136131347656e+03 1.115399360657e+00
-2.148082763672e+03 1.117141366005e+00
-2.160034179688e+03 1.117893099785e+00
-2.171985351562e+03 1.117498040199e+00
-2.183936767578e+03 1.117895841599e+00
-2.195888183594e+03 1.116828918457e+00
-2.207839599609e+03 1.115440845490e+00
-2.219790771484e+03 1.116105079651e+00
-2.231742187500e+03 1.115630030632e+00
-2.243693603516e+03 1.116632103920e+00
-2.255645019531e+03 1.117513775826e+00
-2.267596435547e+03 1.117994546890e+00
-2.279547607422e+03 1.117569208145e+00
-2.291499023438e+03 1.118112564087e+00
-2.303450439453e+03 1.115710139275e+00
-2.315401855469e+03 1.112887978554e+00
#-2.327353027344e+03 1.107960104942e+00
#-2.339304443359e+03 1.102118611336e+00
#-2.351255859375e+03 1.099024415016e+00
#-2.363207275391e+03 1.103413820267e+00
#-2.375158691406e+03 1.103165388107e+00
#-2.387109863281e+03 1.105396032333e+00
#-2.399061279297e+03 1.107568144798e+00
#-2.411012695312e+03 1.107649445534e+00
#-2.422964111328e+03 1.105210900307e+00
#-2.434915527344e+03 1.105356097221e+00
#-2.446866699219e+03 1.110265016556e+00
#-2.458818115234e+03 1.113062858582e+00
#-2.470769531250e+03 1.115040063858e+00
#-2.482720947266e+03 1.115041851997e+00
#-2.494672119141e+03 1.114113926888e+00
#-2.506623535156e+03 1.112820267677e+00
#-2.518574951172e+03 1.113590121269e+00
#-2.530526367188e+03 1.113241672516e+00
#-2.542477783203e+03 1.116290092468e+00
#-2.554428955078e+03 1.116814970970e+00
#-2.566380371094e+03 1.115723848343e+00
#-2.578331787109e+03 1.107624888420e+00
