#title: Spectral profile - NGC_1052_SPW3.image-raster
#region (world): Point[[02:41:04.798, -08d15m20.751]]
#region (pixel): Point[[127, 128]]
#coordinate: world
#xLabel: frequency [GHz]
#yLabel: [Jy/beam] Mean

# NGC_1052_SPW3.image-raster
1.398800201416e+02 8.336645364761e-01
1.398839263916e+02 8.331823348999e-01
1.398878326416e+02 8.344176411629e-01
1.398917388916e+02 8.350682258606e-01
1.398956451416e+02 8.358787298203e-01
1.398995513916e+02 8.355643749237e-01
1.399034576416e+02 8.358325958252e-01
1.399073638916e+02 8.346171975136e-01
1.399112701416e+02 8.346973657608e-01
1.399151763916e+02 8.345018625259e-01
1.399190826416e+02 8.354455232620e-01
1.399229888916e+02 8.358487486839e-01
1.399268951416e+02 8.360843658447e-01
1.399308013916e+02 8.356044292450e-01
1.399347076416e+02 8.356744647026e-01
1.399386138916e+02 8.346697092056e-01
1.399425201416e+02 8.350713253021e-01
1.399464263916e+02 8.342719674110e-01
1.399503326416e+02 8.352460861206e-01
1.399542388916e+02 8.347050547600e-01
1.399581451416e+02 8.350158333778e-01
1.399620513916e+02 8.345753550529e-01
1.399659423828e+02 8.347135186195e-01
1.399698486328e+02 8.353685736656e-01
1.399737548828e+02 8.350373506546e-01
1.399776611328e+02 8.343076109886e-01
1.399815673828e+02 8.334403038025e-01
1.399854736328e+02 8.347825407982e-01
1.399893798828e+02 8.346427083015e-01
1.399932861328e+02 8.340409994125e-01
1.399971923828e+02 8.330275416374e-01
1.400010986328e+02 8.343088626862e-01
1.400050048828e+02 8.339093923569e-01
1.400089111328e+02 8.346304893494e-01
1.400128173828e+02 8.346149921417e-01
1.400167236328e+02 8.349472880363e-01
1.400206298828e+02 8.342394232750e-01
1.400245361328e+02 8.347957730293e-01
1.400284423828e+02 8.342379331589e-01
1.400323486328e+02 8.345580101013e-01
1.400362548828e+02 8.344269394875e-01
1.400401611328e+02 8.345586061478e-01
1.400440673828e+02 8.347889780998e-01
1.400479736328e+02 8.342433571815e-01
1.400518798828e+02 8.332007527351e-01
1.400557861328e+02 8.335959315300e-01
1.400596923828e+02 8.321999907494e-01
1.400635986328e+02 8.334795832634e-01
1.400675048828e+02 8.330034613609e-01
1.400714111328e+02 8.345867395401e-01
1.400753173828e+02 8.336359262466e-01
1.400792236328e+02 8.339802026749e-01
1.400831298828e+02 8.336200714111e-01
1.400870361328e+02 8.345660567284e-01
1.400909423828e+02 8.334097266197e-01
1.400948486328e+02 8.336015343666e-01
1.400987548828e+02 8.338055610657e-01
1.401026611328e+02 8.328792452812e-01
1.401065673828e+02 8.335276842117e-01
1.401104736328e+02 8.331182599068e-01
1.401143798828e+02 8.333356380463e-01
1.401182861328e+02 8.334394097328e-01
1.401221923828e+02 8.336501121521e-01
1.401260986328e+02 8.336896896362e-01
1.401300048828e+02 8.336269855499e-01
1.401339111328e+02 8.338396549225e-01
1.401378173828e+02 8.321942090988e-01
1.401417236328e+02 8.334578871727e-01
1.401456298828e+02 8.335703611374e-01
1.401495361328e+02 8.337465524673e-01
1.401534423828e+02 8.346050381660e-01
1.401573486328e+02 8.343432545662e-01
1.401612548828e+02 8.350017666817e-01
1.401651611328e+02 8.345267176628e-01
1.401690673828e+02 8.350237011909e-01
1.401729736328e+02 8.344546556473e-01
1.401768798828e+02 8.343316912651e-01
1.401807861328e+02 8.350285887718e-01
1.401846923828e+02 8.340954184532e-01
1.401885986328e+02 8.335856199265e-01
1.401925048828e+02 8.331995606422e-01
1.401964111328e+02 8.327015042305e-01
1.402003173828e+02 8.340157270432e-01
1.402042236328e+02 8.349673748016e-01
1.402081298828e+02 8.356751203537e-01
1.402120361328e+02 8.349085450172e-01
1.402159423828e+02 8.353429436684e-01
1.402198486328e+02 8.347132205963e-01
1.402237548828e+02 8.348513841629e-01
1.402276611328e+02 8.342529535294e-01
1.402315673828e+02 8.345636725426e-01
1.402354736328e+02 8.355108499527e-01
1.402393798828e+02 8.346697688103e-01
1.402432861328e+02 8.336330652237e-01
1.402471923828e+02 8.342799544334e-01
1.402510986328e+02 8.341962695122e-01
1.402550048828e+02 8.333497047424e-01
1.402589111328e+02 8.330956101418e-01
1.402628173828e+02 8.344624042511e-01
1.402667236328e+02 8.346223831177e-01
1.402706146240e+02 8.349599838257e-01
1.402745208740e+02 8.349170684814e-01
1.402784271240e+02 8.346692919731e-01
1.402823333740e+02 8.343972563744e-01
1.402862396240e+02 8.347495198250e-01
1.402901458740e+02 8.347732424736e-01
1.402940521240e+02 8.346359133720e-01
1.402979583740e+02 8.344022631645e-01
1.403018646240e+02 8.345572352409e-01
1.403057708740e+02 8.350807428360e-01
1.403096771240e+02 8.344729542732e-01
1.403135833740e+02 8.344285488129e-01
1.403174896240e+02 8.337117433548e-01
1.403213958740e+02 8.346640467644e-01
1.403253021240e+02 8.341860175133e-01
1.403292083740e+02 8.342378735542e-01
1.403331146240e+02 8.347524404526e-01
1.403370208740e+02 8.337437510490e-01
1.403409271240e+02 8.345797657967e-01
1.403448333740e+02 8.355930447578e-01
1.403487396240e+02 8.351847529411e-01
1.403526458740e+02 8.347145915031e-01
1.403565521240e+02 8.350454568863e-01
1.403604583740e+02 8.344400525093e-01
1.403643646240e+02 8.344216346741e-01
1.403682708740e+02 8.346360921860e-01
1.403721771240e+02 8.342344164848e-01
1.403760833740e+02 8.344941735268e-01
1.403799896240e+02 8.343532681465e-01
1.403838958740e+02 8.346750140190e-01
1.403878021240e+02 8.342190980911e-01
1.403917083740e+02 8.344334363937e-01
1.403956146240e+02 8.341024518013e-01
1.403995208740e+02 8.337153196335e-01
1.404034271240e+02 8.338080048561e-01
1.404073333740e+02 8.339588642120e-01
1.404112396240e+02 8.346762657166e-01
1.404151458740e+02 8.338886499405e-01
1.404190521240e+02 8.328121900558e-01
1.404229583740e+02 8.336189985275e-01
1.404268646240e+02 8.339352607727e-01
1.404307708740e+02 8.341203927994e-01
1.404346771240e+02 8.345057964325e-01
1.404385833740e+02 8.344020843506e-01
1.404424896240e+02 8.340706229210e-01
1.404463958740e+02 8.342115879059e-01
1.404503021240e+02 8.347797989845e-01
1.404542083740e+02 8.337424397469e-01
1.404581146240e+02 8.345325589180e-01
1.404620208740e+02 8.344289064407e-01
1.404659271240e+02 8.350764513016e-01
1.404698333740e+02 8.346148133278e-01
1.404737396240e+02 8.350403308868e-01
1.404776458740e+02 8.345049023628e-01
1.404815521240e+02 8.329595923424e-01
1.404854583740e+02 8.333591222763e-01
1.404893646240e+02 8.341381549835e-01
1.404932708740e+02 8.333050608635e-01
1.404971771240e+02 8.339210152626e-01
1.405010833740e+02 8.339353799820e-01
1.405049896240e+02 8.336182832718e-01
1.405088958740e+02 8.335817456245e-01
1.405128021240e+02 8.340004682541e-01
1.405167083740e+02 8.331094384193e-01
1.405206146240e+02 8.332976102829e-01
1.405245208740e+02 8.335099220276e-01
1.405284271240e+02 8.344363570213e-01
1.405323333740e+02 8.344990015030e-01
1.405362396240e+02 8.342353105545e-01
1.405401458740e+02 8.334222435951e-01
1.405440521240e+02 8.344066143036e-01
1.405479583740e+02 8.346221446991e-01
1.405518646240e+02 8.342879414558e-01
1.405557708740e+02 8.341126441956e-01
1.405596771240e+02 8.346447348595e-01
1.405635833740e+02 8.344386816025e-01
1.405674896240e+02 8.341695666313e-01
1.405713958740e+02 8.343502283096e-01
1.405753021240e+02 8.333467841148e-01
1.405791931152e+02 8.337289690971e-01
1.405830993652e+02 8.341836333275e-01
1.405870056152e+02 8.334658741951e-01
1.405909118652e+02 8.334773182869e-01
1.405948181152e+02 8.339007496834e-01
1.405987243652e+02 8.336578011513e-01
1.406026306152e+02 8.339506983757e-01
1.406065368652e+02 8.338930010796e-01
1.406104431152e+02 8.338640928268e-01
1.406143493652e+02 8.344472050667e-01
1.406182556152e+02 8.339159488678e-01
1.406221618652e+02 8.342350721359e-01
1.406260681152e+02 8.347403407097e-01
1.406299743652e+02 8.350944519043e-01
1.406338806152e+02 8.343024849892e-01
1.406377868652e+02 8.342833518982e-01
1.406416931152e+02 8.348835706711e-01
1.406455993652e+02 8.336386680603e-01
1.406495056152e+02 8.339584469795e-01
1.406534118652e+02 8.335418105125e-01
1.406573181152e+02 8.345130085945e-01
1.406612243652e+02 8.337474465370e-01
1.406651306152e+02 8.347532749176e-01
1.406690368652e+02 8.345109224319e-01
1.406729431152e+02 8.351196050644e-01
1.406768493652e+02 8.349273204803e-01
1.406807556152e+02 8.356224298477e-01
1.406846618652e+02 8.344675302505e-01
1.406885681152e+02 8.346955776215e-01
1.406924743652e+02 8.332328796387e-01
1.406963806152e+02 8.329710364342e-01
1.407002868652e+02 8.331179022789e-01
1.407041931152e+02 8.334712982178e-01
1.407080993652e+02 8.344308733940e-01
1.407120056152e+02 8.341007828712e-01
1.407159118652e+02 8.339340686798e-01
1.407198181152e+02 8.340321779251e-01
1.407237243652e+02 8.345735073090e-01
1.407276306152e+02 8.341956734657e-01
1.407315368652e+02 8.345334529877e-01
1.407354431152e+02 8.360050916672e-01
1.407393493652e+02 8.348426222801e-01
1.407432556152e+02 8.344421982765e-01
1.407471618652e+02 8.351411223412e-01
1.407510681152e+02 8.344599008560e-01
1.407549743652e+02 8.349697589874e-01
1.407588806152e+02 8.347685933113e-01
1.407627868652e+02 8.342505693436e-01
1.407666931152e+02 8.347480893135e-01
1.407705993652e+02 8.344724774361e-01
1.407745056152e+02 8.334039449692e-01
1.407784118652e+02 8.335253596306e-01
1.407823181152e+02 8.335208296776e-01
1.407862243652e+02 8.332321047783e-01
1.407901306152e+02 8.344691395760e-01
1.407940368652e+02 8.344909548759e-01
1.407979431152e+02 8.343211412430e-01
1.408018493652e+02 8.345523476601e-01
1.408057556152e+02 8.335429430008e-01
1.408096618652e+02 8.333159685135e-01
1.408135681152e+02 8.336499929428e-01
1.408174743652e+02 8.338386416435e-01
1.408213806152e+02 8.336660265923e-01
1.408252868652e+02 8.348895311356e-01
1.408291931152e+02 8.352288603783e-01
1.408330993652e+02 8.341645598412e-01
1.408370056152e+02 8.350821137428e-01
1.408409118652e+02 8.349773287773e-01
1.408448181152e+02 8.354433178902e-01
1.408487243652e+02 8.360435366631e-01
1.408526306152e+02 8.353166580200e-01
1.408565368652e+02 8.352655172348e-01
1.408604431152e+02 8.354275822639e-01
1.408643493652e+02 8.341243267059e-01
1.408682556152e+02 8.349726796150e-01
1.408721618652e+02 8.349601030350e-01
1.408760681152e+02 8.348088860512e-01
1.408799743652e+02 8.352168798447e-01
1.408838806152e+02 8.350330591202e-01
1.408877716064e+02 8.351257443428e-01
1.408916778564e+02 8.344719409943e-01
1.408955841064e+02 8.344674110413e-01
1.408994903564e+02 8.334333300591e-01
1.409033966064e+02 8.330699205399e-01
1.409073028564e+02 8.333649635315e-01
1.409112091064e+02 8.342904448509e-01
1.409151153564e+02 8.344621658325e-01
1.409190216064e+02 8.345910310745e-01
1.409229278564e+02 8.342903852463e-01
1.409268341064e+02 8.336290717125e-01
1.409307403564e+02 8.346546292305e-01
1.409346466064e+02 8.336213231087e-01
1.409385528564e+02 8.339397907257e-01
1.409424591064e+02 8.343958258629e-01
1.409463653564e+02 8.352142572403e-01
1.409502716064e+02 8.339291214943e-01
1.409541778564e+02 8.348580598831e-01
1.409580841064e+02 8.341684341431e-01
1.409619903564e+02 8.337154388428e-01
1.409658966064e+02 8.339650034904e-01
1.409698028564e+02 8.330910801888e-01
1.409737091064e+02 8.322535753250e-01
1.409776153564e+02 8.331102728844e-01
1.409815216064e+02 8.334269523621e-01
1.409854278564e+02 8.338145613670e-01
1.409893341064e+02 8.336366415024e-01
1.409932403564e+02 8.335865139961e-01
1.409971466064e+02 8.344188928604e-01
1.410010528564e+02 8.350724577904e-01
1.410049591064e+02 8.351821899414e-01
1.410088653564e+02 8.346397280693e-01
1.410127716064e+02 8.348452448845e-01
1.410166778564e+02 8.346256017685e-01
1.410205841064e+02 8.339657783508e-01
1.410244903564e+02 8.335817456245e-01
1.410283966064e+02 8.343920707703e-01
1.410323028564e+02 8.338744640350e-01
1.410362091064e+02 8.345504999161e-01
1.410401153564e+02 8.339480757713e-01
1.410440216064e+02 8.332902193069e-01
1.410479278564e+02 8.351669311523e-01
1.410518341064e+02 8.346552252769e-01
1.410557403564e+02 8.348589539528e-01
1.410596466064e+02 8.347091674805e-01
1.410635528564e+02 8.340010046959e-01
1.410674591064e+02 8.345512747765e-01
1.410713653564e+02 8.357191681862e-01
1.410752716064e+02 8.342773318291e-01
1.410791778564e+02 8.345254063606e-01
1.410830841064e+02 8.333474993706e-01
1.410869903564e+02 8.342642188072e-01
1.410908966064e+02 8.345143198967e-01
1.410948028564e+02 8.346019387245e-01
1.410987091064e+02 8.343603014946e-01
1.411026153564e+02 8.335613012314e-01
1.411065216064e+02 8.339154124260e-01
1.411104278564e+02 8.340650200844e-01
1.411143341064e+02 8.335443735123e-01
1.411182403564e+02 8.346557617188e-01
1.411221466064e+02 8.339058756828e-01
1.411260528564e+02 8.347808718681e-01
1.411299591064e+02 8.348779678345e-01
1.411338653564e+02 8.351677656174e-01
1.411377716064e+02 8.339841365814e-01
1.411416778564e+02 8.338509798050e-01
1.411455841064e+02 8.347325921059e-01
1.411494903564e+02 8.341157436371e-01
1.411533966064e+02 8.346538543701e-01
1.411573028564e+02 8.344838023186e-01
1.411612091064e+02 8.337062001228e-01
1.411651153564e+02 8.340034484863e-01
1.411690216064e+02 8.335934877396e-01
1.411729278564e+02 8.346142768860e-01
1.411768341064e+02 8.347025513649e-01
1.411807403564e+02 8.351872563362e-01
1.411846466064e+02 8.343861699104e-01
1.411885528564e+02 8.333102464676e-01
1.411924591064e+02 8.322577476501e-01
1.411963500977e+02 8.323410153389e-01
1.412002563477e+02 8.327822089195e-01
1.412041625977e+02 8.320827484131e-01
1.412080688477e+02 8.338806033134e-01
1.412119750977e+02 8.347702026367e-01
1.412158813477e+02 8.340129256248e-01
1.412197875977e+02 8.337240815163e-01
1.412236938477e+02 8.322775363922e-01
1.412276000977e+02 8.320000171661e-01
1.412315063477e+02 8.326218724251e-01
1.412354125977e+02 8.340891599655e-01
1.412393188477e+02 8.346863389015e-01
1.412432250977e+02 8.332435488701e-01
1.412471313477e+02 8.334867358208e-01
1.412510375977e+02 8.323820829391e-01
1.412549438477e+02 8.314888477325e-01
1.412588500977e+02 8.308295011520e-01
1.412627563477e+02 8.320546150208e-01
1.412666625977e+02 8.312730789185e-01
1.412705688477e+02 8.323514461517e-01
1.412744750977e+02 8.320584893227e-01
1.412783813477e+02 8.322308659554e-01
1.412822875977e+02 8.322479128838e-01
1.412861938477e+02 8.334254622459e-01
1.412901000977e+02 8.330529332161e-01
1.412940063477e+02 8.331075310707e-01
1.412979125977e+02 8.330847620964e-01
1.413018188477e+02 8.321447968483e-01
1.413057250977e+02 8.329124450684e-01
1.413096313477e+02 8.322465419769e-01
1.413135375977e+02 8.335330486298e-01
1.413174438477e+02 8.331790566444e-01
1.413213500977e+02 8.324685692787e-01
1.413252563477e+02 8.340275287628e-01
1.413291625977e+02 8.333491086960e-01
1.413330688477e+02 8.336982131004e-01
1.413369750977e+02 8.336046338081e-01
1.413408813477e+02 8.332071304321e-01
1.413447875977e+02 8.330476284027e-01
1.413486938477e+02 8.334629535675e-01
1.413526000977e+02 8.332476019859e-01
1.413565063477e+02 8.327277898788e-01
1.413604125977e+02 8.325215578079e-01
1.413643188477e+02 8.319393396378e-01
1.413682250977e+02 8.330002427101e-01
1.413721313477e+02 8.329171538353e-01
1.413760375977e+02 8.327732682228e-01
1.413799438477e+02 8.327021002769e-01
1.413838500977e+02 8.329000473022e-01
1.413877563477e+02 8.336987495422e-01
1.413916625977e+02 8.323578834534e-01
1.413955688477e+02 8.328126668930e-01
1.413994750977e+02 8.327573537827e-01
1.414033813477e+02 8.337802886963e-01
1.414072875977e+02 8.338533043861e-01
1.414111938477e+02 8.343173265457e-01
1.414151000977e+02 8.338686227798e-01
1.414190063477e+02 8.338962793350e-01
1.414229125977e+02 8.321155309677e-01
1.414268188477e+02 8.325551748276e-01
1.414307250977e+02 8.332580924034e-01
1.414346313477e+02 8.331682085991e-01
1.414385375977e+02 8.336617350578e-01
1.414424438477e+02 8.333432078362e-01
1.414463500977e+02 8.327224850655e-01
1.414502563477e+02 8.330702781677e-01
1.414541625977e+02 8.316377997398e-01
1.414580688477e+02 8.326069712639e-01
1.414619750977e+02 8.330553174019e-01
1.414658813477e+02 8.331679105759e-01
1.414697875977e+02 8.328728675842e-01
1.414736938477e+02 8.336032629013e-01
1.414776000977e+02 8.338565230370e-01
1.414815063477e+02 8.336796164513e-01
1.414854125977e+02 8.326842784882e-01
1.414893188477e+02 8.327938914299e-01
1.414932250977e+02 8.332130312920e-01
1.414971313477e+02 8.330658078194e-01
1.415010375977e+02 8.338026404381e-01
1.415049285889e+02 8.333916664124e-01
1.415088348389e+02 8.338794708252e-01
1.415127410889e+02 8.342698812485e-01
1.415166473389e+02 8.336434364319e-01
1.415205535889e+02 8.333775997162e-01
1.415244598389e+02 8.335912227631e-01
1.415283660889e+02 8.320893049240e-01
1.415322723389e+02 8.342104554176e-01
1.415361785889e+02 8.332995176315e-01
1.415400848389e+02 8.329502344131e-01
1.415439910889e+02 8.321177363396e-01
1.415478973389e+02 8.320451974869e-01
1.415518035889e+02 8.336216211319e-01
1.415557098389e+02 8.338301181793e-01
1.415596160889e+02 8.328783512115e-01
1.415635223389e+02 8.330627679825e-01
1.415674285889e+02 8.313522934914e-01
1.415713348389e+02 8.316765427589e-01
1.415752410889e+02 8.330829739571e-01
1.415791473389e+02 8.336951732635e-01
1.415830535889e+02 8.332388401031e-01
1.415869598389e+02 8.330230712891e-01
1.415908660889e+02 8.342272639275e-01
1.415947723389e+02 8.331574201584e-01
1.415986785889e+02 8.337679505348e-01
1.416025848389e+02 8.326165080070e-01
1.416064910889e+02 8.327097892761e-01
1.416103973389e+02 8.338983058929e-01
1.416143035889e+02 8.343905210495e-01
1.416182098389e+02 8.334766626358e-01
1.416221160889e+02 8.332747817039e-01
1.416260223389e+02 8.337822556496e-01
1.416299285889e+02 8.338733911514e-01
1.416338348389e+02 8.327295184135e-01
1.416377410889e+02 8.338525891304e-01
1.416416473389e+02 8.336063623428e-01
1.416455535889e+02 8.332595229149e-01
1.416494598389e+02 8.316316604614e-01
1.416533660889e+02 8.325046896935e-01
1.416572723389e+02 8.329927325249e-01
1.416611785889e+02 8.320433497429e-01
1.416650848389e+02 8.330666422844e-01
1.416689910889e+02 8.341671228409e-01
1.416728973389e+02 8.343668580055e-01
1.416768035889e+02 8.338970541954e-01
1.416807098389e+02 8.336533904076e-01
1.416846160889e+02 8.336644768715e-01
1.416885223389e+02 8.340500593185e-01
1.416924285889e+02 8.330224752426e-01
1.416963348389e+02 8.332942724228e-01
1.417002410889e+02 8.349325656891e-01
1.417041473389e+02 8.344300985336e-01
1.417080535889e+02 8.338743448257e-01
1.417119598389e+02 8.342592716217e-01
1.417158660889e+02 8.338852524757e-01
1.417197723389e+02 8.338834643364e-01
1.417236785889e+02 8.327977657318e-01
1.417275848389e+02 8.329970836639e-01
1.417314910889e+02 8.342753052711e-01
1.417353973389e+02 8.348502516747e-01
1.417393035889e+02 8.335430622101e-01
1.417432098389e+02 8.274667263031e-01
