#title: Spectral profile - NGC_1052_SPW1.image-raster
#region (world): Point[[02:41:04.798, -08d15m20.752]]
#region (pixel): Point[[128, 127]]
#coordinate: world
#xLabel: radio velocity [km/s]
#yLabel: [Jy/beam] Mean

# NGC_1052_SPW1.image-raster
#-2.831927490234e+03 1.210507750511e+00
-2.818325927734e+03 1.210654258728e+00
-2.804724609375e+03 1.211103200912e+00
-2.791123046875e+03 1.212007641792e+00
-2.777521484375e+03 1.212165236473e+00
-2.763920166016e+03 1.213143110275e+00
-2.750318603516e+03 1.210969924927e+00
-2.736717041016e+03 1.211623549461e+00
-2.723115478516e+03 1.211109280586e+00
-2.709514160156e+03 1.211086511612e+00
-2.695912597656e+03 1.211061239243e+00
-2.682311035156e+03 1.212678432465e+00
-2.668709716797e+03 1.213312745094e+00
-2.655108154297e+03 1.213863015175e+00
-2.641506591797e+03 1.214863657951e+00
-2.627905273438e+03 1.212379574776e+00
-2.614303710938e+03 1.213147997856e+00
-2.600702148438e+03 1.213626861572e+00
-2.587100585938e+03 1.212728738785e+00
-2.573499267578e+03 1.212202548981e+00
-2.559897705078e+03 1.213308572769e+00
-2.546296142578e+03 1.213065505028e+00
-2.532694824219e+03 1.212921500206e+00
-2.519093261719e+03 1.211902976036e+00
-2.505491699219e+03 1.210971951485e+00
-2.491890380859e+03 1.211715102196e+00
-2.478288818359e+03 1.212092638016e+00
-2.464687255859e+03 1.212219357491e+00
-2.451085693359e+03 1.211634516716e+00
-2.437484375000e+03 1.212537169456e+00
-2.423882812500e+03 1.213125944138e+00
-2.410281250000e+03 1.212215781212e+00
-2.396679931641e+03 1.213100671768e+00
-2.383078369141e+03 1.212566852570e+00
-2.369476806641e+03 1.212449550629e+00
-2.355875488281e+03 1.210751175880e+00
-2.342273925781e+03 1.212040543556e+00
-2.328672363281e+03 1.211129784584e+00
-2.315071044922e+03 1.213082551956e+00
-2.301469482422e+03 1.213143110275e+00
-2.287867919922e+03 1.213514804840e+00
-2.274266357422e+03 1.211390137672e+00
-2.260665039062e+03 1.213047027588e+00
-2.247063476562e+03 1.211977362633e+00
-2.233461914062e+03 1.213780760765e+00
-2.219860595703e+03 1.213359475136e+00
-2.206259033203e+03 1.214627861977e+00
-2.192657470703e+03 1.211513042450e+00
-2.179056152344e+03 1.213808417320e+00
-2.165454589844e+03 1.213027715683e+00
-2.151853027344e+03 1.213645339012e+00
-2.138251464844e+03 1.210923314095e+00
-2.124650146484e+03 1.211188912392e+00
-2.111048583984e+03 1.212464094162e+00
-2.097447021484e+03 1.211612224579e+00
-2.083845703125e+03 1.211905956268e+00
-2.070244140625e+03 1.214141249657e+00
-2.056642578125e+03 1.214021325111e+00
-2.043041137695e+03 1.211285710335e+00
-2.029439697266e+03 1.211286306381e+00
-2.015838134766e+03 1.211115837097e+00
-2.002236694336e+03 1.213383316994e+00
-1.988635253906e+03 1.216632604599e+00
-1.975033691406e+03 1.214760065079e+00
-1.961432250977e+03 1.215284824371e+00
-1.947830688477e+03 1.213782072067e+00
-1.934229248047e+03 1.212747335434e+00
-1.920627807617e+03 1.211374759674e+00
-1.907026245117e+03 1.211526870728e+00
-1.893424804688e+03 1.212729811668e+00
-1.879823242188e+03 1.214146018028e+00
-1.866221801758e+03 1.213618040085e+00
-1.852620361328e+03 1.212187170982e+00
-1.839018798828e+03 1.213625907898e+00
-1.825417358398e+03 1.213025569916e+00
-1.811815795898e+03 1.212943315506e+00
-1.798214355469e+03 1.211571335793e+00
-1.784612915039e+03 1.212797760963e+00
-1.771011352539e+03 1.213996648788e+00
-1.757409912109e+03 1.213308095932e+00
-1.743808349609e+03 1.214880824089e+00
-1.730206909180e+03 1.213775873184e+00
-1.716605468750e+03 1.213906407356e+00
-1.703003906250e+03 1.213452219963e+00
-1.689402465820e+03 1.213795542717e+00
-1.675801025391e+03 1.212925672531e+00
-1.662199462891e+03 1.213399767876e+00
-1.648598022461e+03 1.213601112366e+00
-1.634996459961e+03 1.213769435883e+00
-1.621395019531e+03 1.212162256241e+00
-1.607793579102e+03 1.213482379913e+00
-1.594192016602e+03 1.213517189026e+00
-1.580590576172e+03 1.213711619377e+00
-1.566989013672e+03 1.213095545769e+00
-1.553387573242e+03 1.212970376015e+00
-1.539786132812e+03 1.211714267731e+00
-1.526184570312e+03 1.213039875031e+00
-1.512583129883e+03 1.212678790092e+00
-1.498981567383e+03 1.213473439217e+00
-1.485380126953e+03 1.213475227356e+00
-1.471778686523e+03 1.213394761086e+00
-1.458177124023e+03 1.212783098221e+00
-1.444575683594e+03 1.212802052498e+00
-1.430974121094e+03 1.213752985001e+00
-1.417372680664e+03 1.212038397789e+00
-1.403771240234e+03 1.213389754295e+00
-1.390169677734e+03 1.213576436043e+00
-1.376568237305e+03 1.212428927422e+00
-1.362966674805e+03 1.211750388145e+00
-1.349365234375e+03 1.212551236153e+00
-1.335763793945e+03 1.212206006050e+00
-1.322162231445e+03 1.212170362473e+00
-1.308560791016e+03 1.212555527687e+00
-1.294959228516e+03 1.211895227432e+00
-1.281357788086e+03 1.213047504425e+00
-1.267756347656e+03 1.213336348534e+00
-1.254154785156e+03 1.214300632477e+00
-1.240553344727e+03 1.214020848274e+00
-1.226951782227e+03 1.214033484459e+00
-1.213350341797e+03 1.213044047356e+00
-1.199748901367e+03 1.210275292397e+00
-1.186147338867e+03 1.212478756905e+00
-1.172545898438e+03 1.213414549828e+00
-1.158944458008e+03 1.214560389519e+00
-1.145342895508e+03 1.212825298309e+00
-1.131741455078e+03 1.212879776955e+00
-1.118139892578e+03 1.213011384010e+00
-1.104538452148e+03 1.211359262466e+00
-1.090937011719e+03 1.212671399117e+00
-1.077335449219e+03 1.211466908455e+00
-1.063734008789e+03 1.212742328644e+00
-1.050132446289e+03 1.212847948074e+00
-1.036531005859e+03 1.211840867996e+00
-1.022929504395e+03 1.212392687798e+00
-1.009328002930e+03 1.211882710457e+00
-9.957265625000e+02 1.213084459305e+00
-9.821250610352e+02 1.211405515671e+00
-9.685235595703e+02 1.211263179779e+00
-9.549220581055e+02 1.211028456688e+00
-9.413205566406e+02 1.212694764137e+00
-9.277191162109e+02 1.211154103279e+00
-9.141176147461e+02 1.212014198303e+00
-9.005161132812e+02 1.210950493813e+00
-8.869146118164e+02 1.211559295654e+00
-8.733131103516e+02 1.211576700211e+00
-8.597116699219e+02 1.211912512779e+00
-8.461101684570e+02 1.211420774460e+00
-8.325086669922e+02 1.213083863258e+00
-8.189071655273e+02 1.213833093643e+00
-8.053057250977e+02 1.214252948761e+00
-7.917042236328e+02 1.212669968605e+00
-7.781027221680e+02 1.211974620819e+00
-7.645012207031e+02 1.211655855179e+00
-7.508997192383e+02 1.211915612221e+00
-7.372982788086e+02 1.212573885918e+00
-7.236967773438e+02 1.212388634682e+00
-7.100952758789e+02 1.212288975716e+00
-6.964937744141e+02 1.212806940079e+00
-6.828922729492e+02 1.212103605270e+00
-6.692908325195e+02 1.213852882385e+00
-6.556893310547e+02 1.212780475616e+00
-6.420878295898e+02 1.212352752686e+00
-6.284863281250e+02 1.213453888893e+00
-6.148848876953e+02 1.213084936142e+00
-6.012833862305e+02 1.212595462799e+00
-5.876818847656e+02 1.212900161743e+00
-5.740803833008e+02 1.212237834930e+00
-5.604788818359e+02 1.213808417320e+00
-5.468774414062e+02 1.213025689125e+00
-5.332759399414e+02 1.212379455566e+00
-5.196744384766e+02 1.213010907173e+00
-5.060729370117e+02 1.213647246361e+00
-4.924714660645e+02 1.214782118797e+00
-4.788699645996e+02 1.216436028481e+00
-4.652684936523e+02 1.213366270065e+00
-4.516669921875e+02 1.212371826172e+00
-4.380655212402e+02 1.212209105492e+00
-4.244640197754e+02 1.213007330894e+00
-4.108625183105e+02 1.212428569794e+00
-3.972610473633e+02 1.212731242180e+00
-3.836595458984e+02 1.212751746178e+00
-3.700580749512e+02 1.213632345200e+00
-3.564565734863e+02 1.214321017265e+00
-3.428550720215e+02 1.213660597801e+00
-3.292536010742e+02 1.214494824409e+00
-3.156520996094e+02 1.213623642921e+00
-3.020506286621e+02 1.211276412010e+00
-2.884491271973e+02 1.210730195045e+00
-2.748476562500e+02 1.211636781693e+00
-2.612461547852e+02 1.212471961975e+00
-2.476446685791e+02 1.211346149445e+00
-2.340431823730e+02 1.213259816170e+00
-2.204416961670e+02 1.212324142456e+00
-2.068401947021e+02 1.210979104042e+00
-1.932387084961e+02 1.210566043854e+00
-1.796372222900e+02 1.210592627525e+00
-1.660357360840e+02 1.211099982262e+00
-1.524342498779e+02 1.213010191917e+00
-1.388327636719e+02 1.212433576584e+00
-1.252312698364e+02 1.211882114410e+00
-1.116297836304e+02 1.212631464005e+00
-9.802828979492e+01 1.212625741959e+00
-8.442680358887e+01 1.213382005692e+00
-7.082531738281e+01 1.213364720345e+00
-5.722382736206e+01 1.212360620499e+00
-4.362233734131e+01 1.213102459908e+00
-3.002084922791e+01 1.211871743202e+00
-1.641936111450e+01 1.210515618324e+00
-2.817872285843e+00 1.211717128754e+00
1.078361606598e+01 1.213300943375e+00
2.438510513306e+01 1.212007641792e+00
3.798659515381e+01 1.212324976921e+00
5.158808135986e+01 1.213098049164e+00
6.518956756592e+01 1.211237192154e+00
7.879106140137e+01 1.212746739388e+00
9.239254760742e+01 1.212253451347e+00
1.059940338135e+02 1.214891076088e+00
1.195955276489e+02 1.213474869728e+00
1.331970062256e+02 1.212530970573e+00
1.467985076904e+02 1.211331129074e+00
1.603999938965e+02 1.212747573853e+00
1.740014801025e+02 1.212835311890e+00
1.876029663086e+02 1.212317943573e+00
2.012044525146e+02 1.212580919266e+00
2.148059387207e+02 1.211349129677e+00
2.284074401855e+02 1.212163329124e+00
2.420089263916e+02 1.213776826859e+00
2.556104125977e+02 1.213932752609e+00
2.692119140625e+02 1.214874505997e+00
2.828133850098e+02 1.213659405708e+00
2.964148864746e+02 1.212164521217e+00
3.100163574219e+02 1.212201714516e+00
3.236178588867e+02 1.212648749352e+00
3.372193298340e+02 1.213275074959e+00
3.508208312988e+02 1.213869333267e+00
3.644223327637e+02 1.212203741074e+00
3.780238037109e+02 1.212378501892e+00
3.916253051758e+02 1.211247801781e+00
4.052267761230e+02 1.211034297943e+00
4.188282775879e+02 1.212059259415e+00
4.324297485352e+02 1.212892651558e+00
4.460312500000e+02 1.212580800056e+00
4.596327514648e+02 1.214764237404e+00
4.732342224121e+02 1.214349985123e+00
4.868357238770e+02 1.213008522987e+00
5.004371948242e+02 1.212125420570e+00
5.140386962891e+02 1.211583256721e+00
5.276401977539e+02 1.209413170815e+00
5.412416992188e+02 1.211143612862e+00
5.548431396484e+02 1.211609244347e+00
5.684446411133e+02 1.212500572205e+00
5.820461425781e+02 1.212182879448e+00
5.956476440430e+02 1.212161302567e+00
6.092490844727e+02 1.212466716766e+00
6.228505859375e+02 1.209195971489e+00
6.364520874023e+02 1.207595229149e+00
6.500535888672e+02 1.209083795547e+00
6.636550903320e+02 1.208105444908e+00
6.772565307617e+02 1.212917804718e+00
6.908580322266e+02 1.214347600937e+00
7.044595336914e+02 1.212666034698e+00
7.180610351562e+02 1.212386727333e+00
7.316625366211e+02 1.211444616318e+00
7.452639770508e+02 1.210878133774e+00
7.588654785156e+02 1.212573289871e+00
7.724669799805e+02 1.212294816971e+00
7.860684814453e+02 1.212802171707e+00
7.996699829102e+02 1.211237907410e+00
8.132714233398e+02 1.211976885796e+00
8.268729248047e+02 1.213348269463e+00
8.404744262695e+02 1.212695956230e+00
8.540759277344e+02 1.213720560074e+00
8.676773681641e+02 1.212940573692e+00
8.812788696289e+02 1.212720990181e+00
8.948803710938e+02 1.214036345482e+00
9.084818725586e+02 1.213347315788e+00
9.220833740234e+02 1.215016007423e+00
9.356848144531e+02 1.215044379234e+00
9.492863159180e+02 1.214957594872e+00
9.628878173828e+02 1.215888261795e+00
9.764893188477e+02 1.214375853539e+00
9.900908203125e+02 1.214485645294e+00
1.003692260742e+03 1.215479135513e+00
1.017293762207e+03 1.215088248253e+00
1.030895263672e+03 1.217547774315e+00
1.044496704102e+03 1.215370297432e+00
1.058098266602e+03 1.215185999870e+00
1.071699707031e+03 1.214498281479e+00
1.085301269531e+03 1.215789198875e+00
1.098902709961e+03 1.215983033180e+00
1.112504150391e+03 1.216212630272e+00
1.126105712891e+03 1.213859319687e+00
1.139707153320e+03 1.214734792709e+00
1.153308715820e+03 1.213896036148e+00
1.166910156250e+03 1.215752482414e+00
1.180511596680e+03 1.213906764984e+00
1.194113159180e+03 1.214484572411e+00
1.207714599609e+03 1.214085221291e+00
1.221316040039e+03 1.213848352432e+00
1.234917602539e+03 1.213551163673e+00
1.248519042969e+03 1.213741898537e+00
1.262120605469e+03 1.213965773582e+00
1.275722045898e+03 1.213519811630e+00
1.289323486328e+03 1.213257670403e+00
1.302925048828e+03 1.214443445206e+00
1.316526489258e+03 1.214584827423e+00
1.330128051758e+03 1.214022159576e+00
1.343729492188e+03 1.212506413460e+00
1.357330932617e+03 1.211359858513e+00
1.370932495117e+03 1.212224841118e+00
1.384533935547e+03 1.211270332336e+00
1.398135498047e+03 1.212329149246e+00
1.411736938477e+03 1.212851285934e+00
1.425338378906e+03 1.211467027664e+00
1.438939941406e+03 1.211178898811e+00
1.452541381836e+03 1.209183931351e+00
1.466142944336e+03 1.209718227386e+00
1.479744384766e+03 1.209209918976e+00
1.493345825195e+03 1.211801290512e+00
1.506947387695e+03 1.211978435516e+00
1.520548828125e+03 1.214001178741e+00
1.534150390625e+03 1.211678624153e+00
1.547751831055e+03 1.212353587151e+00
1.561353271484e+03 1.209693551064e+00
1.574954833984e+03 1.207525014877e+00
1.588556274414e+03 1.206960916519e+00
1.602157836914e+03 1.208175182343e+00
1.615759277344e+03 1.209031224251e+00
1.629360717773e+03 1.206764340401e+00
1.642962280273e+03 1.203894495964e+00
1.656563720703e+03 1.203618764877e+00
1.670165161133e+03 1.204560995102e+00
1.683766723633e+03 1.208033561707e+00
1.697368164062e+03 1.213431954384e+00
1.710969726562e+03 1.215399622917e+00
1.724571166992e+03 1.214974164963e+00
1.738172607422e+03 1.214686989784e+00
1.751774169922e+03 1.213259220123e+00
1.765375610352e+03 1.213960886002e+00
1.778977172852e+03 1.213608384132e+00
1.792578613281e+03 1.212849378586e+00
1.806180053711e+03 1.214766860008e+00
1.819781616211e+03 1.214979767799e+00
1.833383056641e+03 1.214930176735e+00
1.846984619141e+03 1.215521574020e+00
1.860586059570e+03 1.215944051743e+00
1.874187500000e+03 1.214377522469e+00
1.887789062500e+03 1.214676260948e+00
1.901390502930e+03 1.214495420456e+00
1.914992065430e+03 1.214833974838e+00
1.928593505859e+03 1.214666724205e+00
1.942194946289e+03 1.213655471802e+00
1.955796508789e+03 1.214360952377e+00
1.969397949219e+03 1.215984344482e+00
1.982999511719e+03 1.214514136314e+00
1.996600952148e+03 1.212023258209e+00
2.010202392578e+03 1.214151024818e+00
2.023803955078e+03 1.213970899582e+00
2.037405395508e+03 1.214775085449e+00
2.051006835938e+03 1.212822079659e+00
2.064608398438e+03 1.214888811111e+00
2.078209960938e+03 1.215012311935e+00
2.091811279297e+03 1.213761448860e+00
2.105412841797e+03 1.215196609497e+00
2.119014404297e+03 1.213809728622e+00
2.132615722656e+03 1.213126301765e+00
2.146217285156e+03 1.213510632515e+00
2.159818847656e+03 1.213338971138e+00
2.173420410156e+03 1.213467359543e+00
2.187021728516e+03 1.214030623436e+00
2.200623291016e+03 1.214448094368e+00
2.214224853516e+03 1.213538885117e+00
2.227826171875e+03 1.213575482368e+00
2.241427734375e+03 1.212592720985e+00
2.255029296875e+03 1.212374448776e+00
2.268630615234e+03 1.212388157845e+00
2.282232177734e+03 1.211953997612e+00
2.295833740234e+03 1.214867115021e+00
2.309435302734e+03 1.214357137680e+00
2.323036621094e+03 1.215032100677e+00
2.336638183594e+03 1.215961694717e+00
2.350239746094e+03 1.214928269386e+00
2.363841064453e+03 1.212678909302e+00
2.377442626953e+03 1.212725162506e+00
2.391044189453e+03 1.213011384010e+00
2.404645507812e+03 1.212550520897e+00
2.418247070312e+03 1.214651346207e+00
2.431848632812e+03 1.214355587959e+00
2.445449951172e+03 1.213788390160e+00
2.459051513672e+03 1.213290810585e+00
2.472653076172e+03 1.212200760841e+00
2.486254638672e+03 1.212571620941e+00
2.499855957031e+03 1.214123487473e+00
2.513457519531e+03 1.213673353195e+00
2.527059082031e+03 1.212765097618e+00
2.540660400391e+03 1.213209390640e+00
2.554261962891e+03 1.212670922279e+00
2.567863525391e+03 1.212918519974e+00
2.581464843750e+03 1.213064908981e+00
2.595066406250e+03 1.214621782303e+00
2.608667968750e+03 1.212545633316e+00
2.622269531250e+03 1.214447259903e+00
2.635870849609e+03 1.213889122009e+00
2.649472412109e+03 1.214662432671e+00
2.663073974609e+03 1.214573621750e+00
2.676675292969e+03 1.214546322823e+00
2.690276855469e+03 1.213784575462e+00
2.703878417969e+03 1.212852716446e+00
2.717479736328e+03 1.215658903122e+00
2.731081298828e+03 1.214292883873e+00
2.744682861328e+03 1.214781999588e+00
2.758284423828e+03 1.215140938759e+00
2.771885742188e+03 1.213404655457e+00
2.785487304688e+03 1.214503526688e+00
2.799088867188e+03 1.212659358978e+00
2.812690185547e+03 1.212519526482e+00
2.826291748047e+03 1.212853789330e+00
2.839893310547e+03 1.213417410851e+00
2.853494628906e+03 1.214698314667e+00
2.867096191406e+03 1.213367581367e+00
2.880697753906e+03 1.213578343391e+00
2.894299072266e+03 1.214268207550e+00
2.907900634766e+03 1.214703440666e+00
2.921502197266e+03 1.214235782623e+00
2.935103759766e+03 1.215281009674e+00
2.948705078125e+03 1.212092399597e+00
2.962306640625e+03 1.212460279465e+00
2.975908203125e+03 1.212041616440e+00
2.989509521484e+03 1.213456153870e+00
3.003111083984e+03 1.213972091675e+00
3.016712646484e+03 1.214144110680e+00
3.030313964844e+03 1.212905287743e+00
3.043915527344e+03 1.211895585060e+00
3.057517089844e+03 1.211745738983e+00
3.071118652344e+03 1.213008046150e+00
3.084719970703e+03 1.213722109795e+00
3.098321533203e+03 1.213960409164e+00
3.111923095703e+03 1.213337659836e+00
3.125524414062e+03 1.213313341141e+00
3.139125976562e+03 1.213115930557e+00
3.152727539062e+03 1.213901758194e+00
3.166328857422e+03 1.212435364723e+00
3.179930419922e+03 1.211818933487e+00
3.193531982422e+03 1.213896751404e+00
3.207133544922e+03 1.212866663933e+00
3.220734863281e+03 1.213015317917e+00
3.234336425781e+03 1.212321043015e+00
3.247937988281e+03 1.214668035507e+00
3.261539306641e+03 1.212757825851e+00
3.275140869141e+03 1.213165521622e+00
3.288742431641e+03 1.214042544365e+00
3.302343750000e+03 1.212196350098e+00
3.315945312500e+03 1.212634563446e+00
3.329546875000e+03 1.215408921242e+00
3.343148193359e+03 1.214174628258e+00
3.356749755859e+03 1.215472817421e+00
3.370351318359e+03 1.214915871620e+00
3.383952880859e+03 1.213219642639e+00
3.397554199219e+03 1.212756514549e+00
3.411155761719e+03 1.214321732521e+00
3.424757324219e+03 1.213146209717e+00
3.438358642578e+03 1.213430285454e+00
3.451960205078e+03 1.212516784668e+00
3.465561767578e+03 1.215004444122e+00
3.479163085938e+03 1.214684963226e+00
3.492764648438e+03 1.214912176132e+00
3.506366210938e+03 1.214633941650e+00
3.519967773438e+03 1.215052604675e+00
3.533569091797e+03 1.211778640747e+00
3.547170654297e+03 1.210438013077e+00
3.560772216797e+03 1.214191079140e+00
3.574373535156e+03 1.215314388275e+00
3.587975097656e+03 1.214583277702e+00
3.601576660156e+03 1.215214848518e+00
3.615177978516e+03 1.216851234436e+00
3.628779541016e+03 1.215257406235e+00
3.642381103516e+03 1.214837551117e+00
#3.655982666016e+03 1.209233164787e+00
