#title: Spectral profile - NGC_1052_SPW3.image-raster
#region (world): Point[[02:41:04.798, -08d15m20.751]]
#region (pixel): Point[[127, 128]]
#coordinate: world
#xLabel: radio velocity [km/s]
#yLabel: [Jy/beam] Mean

# NGC_1052_SPW3.image-raster
2.042366577148e+03 8.336645364761e-01
2.034052124023e+03 8.331823348999e-01
2.025737670898e+03 8.344176411629e-01
2.017423217773e+03 8.350682258606e-01
2.009108764648e+03 8.358787298203e-01
2.000794311523e+03 8.355643749237e-01
1.992479736328e+03 8.358325958252e-01
1.984165283203e+03 8.346171975136e-01
1.975850830078e+03 8.346973657608e-01
1.967536376953e+03 8.345018625259e-01
1.959221923828e+03 8.354455232620e-01
1.950907470703e+03 8.358487486839e-01
1.942592895508e+03 8.360843658447e-01
1.934278442383e+03 8.356044292450e-01
1.925963989258e+03 8.356744647026e-01
1.917649536133e+03 8.346697092056e-01
1.909335083008e+03 8.350713253021e-01
1.901020629883e+03 8.342719674110e-01
1.892706054688e+03 8.352460861206e-01
1.884391601562e+03 8.347050547600e-01
1.876077148438e+03 8.350158333778e-01
1.867762695312e+03 8.345753550529e-01
1.859448242188e+03 8.347135186195e-01
1.851133789062e+03 8.353685736656e-01
1.842819213867e+03 8.350373506546e-01
1.834504760742e+03 8.343076109886e-01
1.826190307617e+03 8.334403038025e-01
1.817875854492e+03 8.347825407982e-01
1.809561401367e+03 8.346427083015e-01
1.801246826172e+03 8.340409994125e-01
1.792932373047e+03 8.330275416374e-01
1.784617919922e+03 8.343088626862e-01
1.776303466797e+03 8.339093923569e-01
1.767989013672e+03 8.346304893494e-01
1.759674560547e+03 8.346149921417e-01
1.751359985352e+03 8.349472880363e-01
1.743045532227e+03 8.342394232750e-01
1.734731079102e+03 8.347957730293e-01
1.726416625977e+03 8.342379331589e-01
1.718102172852e+03 8.345580101013e-01
1.709787719727e+03 8.344269394875e-01
1.701473144531e+03 8.345586061478e-01
1.693158691406e+03 8.347889780998e-01
1.684844238281e+03 8.342433571815e-01
1.676529785156e+03 8.332007527351e-01
1.668215332031e+03 8.335959315300e-01
1.659900878906e+03 8.321999907494e-01
1.651586303711e+03 8.334795832634e-01
1.643271850586e+03 8.330034613609e-01
1.634957397461e+03 8.345867395401e-01
1.626642944336e+03 8.336359262466e-01
1.618328491211e+03 8.339802026749e-01
1.610014038086e+03 8.336200714111e-01
1.601699462891e+03 8.345660567284e-01
1.593385009766e+03 8.334097266197e-01
1.585070556641e+03 8.336015343666e-01
1.576756103516e+03 8.338055610657e-01
1.568441650391e+03 8.328792452812e-01
1.560127197266e+03 8.335276842117e-01
1.551812622070e+03 8.331182599068e-01
1.543498168945e+03 8.333356380463e-01
1.535183715820e+03 8.334394097328e-01
1.526869262695e+03 8.336501121521e-01
1.518554809570e+03 8.336896896362e-01
1.510240356445e+03 8.336269855499e-01
1.501925781250e+03 8.338396549225e-01
1.493611328125e+03 8.321942090988e-01
1.485296875000e+03 8.334578871727e-01
1.476982421875e+03 8.335703611374e-01
1.468667968750e+03 8.337465524673e-01
1.460353515625e+03 8.346050381660e-01
1.452038940430e+03 8.343432545662e-01
1.443724487305e+03 8.350017666817e-01
1.435410034180e+03 8.345267176628e-01
1.427095581055e+03 8.350237011909e-01
1.418781127930e+03 8.344546556473e-01
1.410466552734e+03 8.343316912651e-01
1.402152099609e+03 8.350285887718e-01
1.393837646484e+03 8.340954184532e-01
1.385523193359e+03 8.335856199265e-01
1.377208740234e+03 8.331995606422e-01
1.368894287109e+03 8.327015042305e-01
1.360579711914e+03 8.340157270432e-01
1.352265258789e+03 8.349673748016e-01
1.343950805664e+03 8.356751203537e-01
1.335636352539e+03 8.349085450172e-01
1.327321899414e+03 8.353429436684e-01
1.319007446289e+03 8.347132205963e-01
1.310692871094e+03 8.348513841629e-01
1.302378417969e+03 8.342529535294e-01
1.294063964844e+03 8.345636725426e-01
1.285749511719e+03 8.355108499527e-01
1.277435058594e+03 8.346697688103e-01
1.269120605469e+03 8.336330652237e-01
1.260806030273e+03 8.342799544334e-01
1.252491577148e+03 8.341962695122e-01
1.244177124023e+03 8.333497047424e-01
1.235862670898e+03 8.330956101418e-01
1.227548217773e+03 8.344624042511e-01
1.219233764648e+03 8.346223831177e-01
1.210919189453e+03 8.349599838257e-01
1.202604736328e+03 8.349170684814e-01
1.194290283203e+03 8.346692919731e-01
1.185975830078e+03 8.343972563744e-01
1.177661376953e+03 8.347495198250e-01
1.169346923828e+03 8.347732424736e-01
1.161032348633e+03 8.346359133720e-01
1.152717895508e+03 8.344022631645e-01
1.144403442383e+03 8.345572352409e-01
1.136088989258e+03 8.350807428360e-01
1.127774536133e+03 8.344729542732e-01
1.119460083008e+03 8.344285488129e-01
1.111145507812e+03 8.337117433548e-01
1.102831054688e+03 8.346640467644e-01
1.094516601562e+03 8.341860175133e-01
1.086202148438e+03 8.342378735542e-01
1.077887695312e+03 8.347524404526e-01
1.069573242188e+03 8.337437510490e-01
1.061258666992e+03 8.345797657967e-01
1.052944213867e+03 8.355930447578e-01
1.044629760742e+03 8.351847529411e-01
1.036315307617e+03 8.347145915031e-01
1.028000854492e+03 8.350454568863e-01
1.019686340332e+03 8.344400525093e-01
1.011371887207e+03 8.344216346741e-01
1.003057373047e+03 8.346360921860e-01
9.947429199219e+02 8.342344164848e-01
9.864284667969e+02 8.344941735268e-01
9.781139526367e+02 8.343532681465e-01
9.697994995117e+02 8.346750140190e-01
9.614850463867e+02 8.342190980911e-01
9.531705322266e+02 8.344334363937e-01
9.448560791016e+02 8.341024518013e-01
9.365416259766e+02 8.337153196335e-01
9.282271118164e+02 8.338080048561e-01
9.199126586914e+02 8.339588642120e-01
9.115982055664e+02 8.346762657166e-01
9.032836914062e+02 8.338886499405e-01
8.949692382812e+02 8.328121900558e-01
8.866547851562e+02 8.336189985275e-01
8.783402709961e+02 8.339352607727e-01
8.700258178711e+02 8.341203927994e-01
8.617113037109e+02 8.345057964325e-01
8.533968505859e+02 8.344020843506e-01
8.450823974609e+02 8.340706229210e-01
8.367678833008e+02 8.342115879059e-01
8.284534301758e+02 8.347797989845e-01
8.201389770508e+02 8.337424397469e-01
8.118244628906e+02 8.345325589180e-01
8.035100097656e+02 8.344289064407e-01
7.951955566406e+02 8.350764513016e-01
7.868810424805e+02 8.346148133278e-01
7.785665893555e+02 8.350403308868e-01
7.702521362305e+02 8.345049023628e-01
7.619376220703e+02 8.329595923424e-01
7.536231689453e+02 8.333591222763e-01
7.453087158203e+02 8.341381549835e-01
7.369942016602e+02 8.333050608635e-01
7.286797485352e+02 8.339210152626e-01
7.203652954102e+02 8.339353799820e-01
7.120507812500e+02 8.336182832718e-01
7.037363281250e+02 8.335817456245e-01
6.954218750000e+02 8.340004682541e-01
6.871073608398e+02 8.331094384193e-01
6.787929077148e+02 8.332976102829e-01
6.704784545898e+02 8.335099220276e-01
6.621639404297e+02 8.344363570213e-01
6.538494873047e+02 8.344990015030e-01
6.455350341797e+02 8.342353105545e-01
6.372205200195e+02 8.334222435951e-01
6.289060668945e+02 8.344066143036e-01
6.205916137695e+02 8.346221446991e-01
6.122770996094e+02 8.342879414558e-01
6.039626464844e+02 8.341126441956e-01
5.956481933594e+02 8.346447348595e-01
5.873336791992e+02 8.344386816025e-01
5.790192260742e+02 8.341695666313e-01
5.707047729492e+02 8.343502283096e-01
5.623902587891e+02 8.333467841148e-01
5.540758056641e+02 8.337289690971e-01
5.457613525391e+02 8.341836333275e-01
5.374468383789e+02 8.334658741951e-01
5.291323852539e+02 8.334773182869e-01
5.208179321289e+02 8.339007496834e-01
5.125034179688e+02 8.336578011513e-01
5.041889648438e+02 8.339506983757e-01
4.958744812012e+02 8.338930010796e-01
4.875599975586e+02 8.338640928268e-01
4.792455444336e+02 8.344472050667e-01
4.709310607910e+02 8.339159488678e-01
4.626165771484e+02 8.342350721359e-01
4.543021240234e+02 8.347403407097e-01
4.459876403809e+02 8.350944519043e-01
4.376731567383e+02 8.343024849892e-01
4.293587036133e+02 8.342833518982e-01
4.210442199707e+02 8.348835706711e-01
4.127297363281e+02 8.336386680603e-01
4.044152832031e+02 8.339584469795e-01
3.961007995605e+02 8.335418105125e-01
3.877863159180e+02 8.345130085945e-01
3.794718627930e+02 8.337474465370e-01
3.711573791504e+02 8.347532749176e-01
3.628428955078e+02 8.345109224319e-01
3.545284118652e+02 8.351196050644e-01
3.462139587402e+02 8.349273204803e-01
3.378994750977e+02 8.356224298477e-01
3.295849914551e+02 8.344675302505e-01
3.212705383301e+02 8.346955776215e-01
3.129560546875e+02 8.332328796387e-01
3.046415710449e+02 8.329710364342e-01
2.963271179199e+02 8.331179022789e-01
2.880126342773e+02 8.334712982178e-01
2.796981506348e+02 8.344308733940e-01
2.713836975098e+02 8.341007828712e-01
2.630692138672e+02 8.339340686798e-01
2.547547454834e+02 8.340321779251e-01
2.464402618408e+02 8.345735073090e-01
2.381257934570e+02 8.341956734657e-01
2.298113250732e+02 8.345334529877e-01
2.214968414307e+02 8.360050916672e-01
2.131823730469e+02 8.348426222801e-01
2.048678894043e+02 8.344421982765e-01
1.965534210205e+02 8.351411223412e-01
1.882389526367e+02 8.344599008560e-01
1.799244689941e+02 8.349697589874e-01
1.716100006104e+02 8.347685933113e-01
1.632955322266e+02 8.342505693436e-01
1.549810485840e+02 8.347480893135e-01
1.466665802002e+02 8.344724774361e-01
1.383521118164e+02 8.334039449692e-01
1.300376281738e+02 8.335253596306e-01
1.217231597900e+02 8.335208296776e-01
1.134086837769e+02 8.332321047783e-01
1.050942077637e+02 8.344691395760e-01
9.677973175049e+01 8.344909548759e-01
8.846526336670e+01 8.343211412430e-01
8.015078735352e+01 8.345523476601e-01
7.183631134033e+01 8.335429430008e-01
6.352183914185e+01 8.333159685135e-01
5.520736694336e+01 8.336499929428e-01
4.689289093018e+01 8.338386416435e-01
3.857841873169e+01 8.336660265923e-01
3.026394462585e+01 8.348895311356e-01
2.194947052002e+01 8.352288603783e-01
1.363499641418e+01 8.341645598412e-01
5.320522308350e+00 8.350821137428e-01
-2.993951797485e+00 8.349773287773e-01
-1.130842590332e+01 8.354433178902e-01
-1.962290000916e+01 8.360435366631e-01
-2.793737411499e+01 8.353166580200e-01
-3.625184631348e+01 8.352655172348e-01
-4.456632232666e+01 8.354275822639e-01
-5.288079452515e+01 8.341243267059e-01
-6.119527053833e+01 8.349726796150e-01
-6.950974273682e+01 8.349601030350e-01
-7.782421875000e+01 8.348088860512e-01
-8.613868713379e+01 8.352168798447e-01
-9.445316314697e+01 8.350330591202e-01
-1.027676391602e+02 8.351257443428e-01
-1.110821151733e+02 8.344719409943e-01
-1.193965835571e+02 8.344674110413e-01
-1.277110595703e+02 8.334333300591e-01
-1.360255279541e+02 8.330699205399e-01
-1.443400115967e+02 8.333649635315e-01
-1.526544799805e+02 8.342904448509e-01
-1.609689483643e+02 8.344621658325e-01
-1.692834320068e+02 8.345910310745e-01
-1.775979003906e+02 8.342903852463e-01
-1.859123840332e+02 8.336290717125e-01
-1.942268524170e+02 8.346546292305e-01
-2.025413208008e+02 8.336213231087e-01
-2.108558044434e+02 8.339397907257e-01
-2.191702728271e+02 8.343958258629e-01
-2.274847412109e+02 8.352142572403e-01
-2.357992248535e+02 8.339291214943e-01
-2.441136932373e+02 8.348580598831e-01
-2.524281616211e+02 8.341684341431e-01
-2.607426452637e+02 8.337154388428e-01
-2.690571289062e+02 8.339650034904e-01
-2.773715820312e+02 8.330910801888e-01
-2.856860656738e+02 8.322535753250e-01
-2.940005493164e+02 8.331102728844e-01
-3.023150024414e+02 8.334269523621e-01
-3.106294860840e+02 8.338145613670e-01
-3.189439697266e+02 8.336366415024e-01
-3.272584228516e+02 8.335865139961e-01
-3.355729064941e+02 8.344188928604e-01
-3.438873901367e+02 8.350724577904e-01
-3.522018432617e+02 8.351821899414e-01
-3.605163269043e+02 8.346397280693e-01
-3.688308105469e+02 8.348452448845e-01
-3.771452636719e+02 8.346256017685e-01
-3.854597473145e+02 8.339657783508e-01
-3.937742309570e+02 8.335817456245e-01
-4.020886840820e+02 8.343920707703e-01
-4.104031677246e+02 8.338744640350e-01
-4.187176513672e+02 8.345504999161e-01
-4.270321350098e+02 8.339480757713e-01
-4.353465881348e+02 8.332902193069e-01
-4.436610717773e+02 8.351669311523e-01
-4.519755554199e+02 8.346552252769e-01
-4.602900085449e+02 8.348589539528e-01
-4.686044921875e+02 8.347091674805e-01
-4.769189758301e+02 8.340010046959e-01
-4.852334289551e+02 8.345512747765e-01
-4.935479125977e+02 8.357191681862e-01
-5.018623962402e+02 8.342773318291e-01
-5.101768493652e+02 8.345254063606e-01
-5.184913330078e+02 8.333474993706e-01
-5.268057861328e+02 8.342642188072e-01
-5.351203002930e+02 8.345143198967e-01
-5.434347534180e+02 8.346019387245e-01
-5.517492065430e+02 8.343603014946e-01
-5.600637207031e+02 8.335613012314e-01
-5.683781738281e+02 8.339154124260e-01
-5.766926269531e+02 8.340650200844e-01
-5.850071411133e+02 8.335443735123e-01
-5.933215942383e+02 8.346557617188e-01
-6.016360473633e+02 8.339058756828e-01
-6.099505615234e+02 8.347808718681e-01
-6.182650146484e+02 8.348779678345e-01
-6.265794677734e+02 8.351677656174e-01
-6.348939819336e+02 8.339841365814e-01
-6.432084350586e+02 8.338509798050e-01
-6.515228881836e+02 8.347325921059e-01
-6.598374023438e+02 8.341157436371e-01
-6.681518554688e+02 8.346538543701e-01
-6.764663085938e+02 8.344838023186e-01
-6.847808227539e+02 8.337062001228e-01
-6.930952758789e+02 8.340034484863e-01
-7.014097290039e+02 8.335934877396e-01
-7.097242431641e+02 8.346142768860e-01
-7.180386962891e+02 8.347025513649e-01
-7.263532104492e+02 8.351872563362e-01
-7.346676635742e+02 8.343861699104e-01
-7.429821166992e+02 8.333102464676e-01
-7.512966308594e+02 8.322577476501e-01
-7.596110839844e+02 8.323410153389e-01
-7.679255371094e+02 8.327822089195e-01
-7.762400512695e+02 8.320827484131e-01
-7.845545043945e+02 8.338806033134e-01
-7.928689575195e+02 8.347702026367e-01
-8.011834716797e+02 8.340129256248e-01
-8.094979248047e+02 8.337240815163e-01
-8.178123779297e+02 8.322775363922e-01
-8.261268920898e+02 8.320000171661e-01
-8.344413452148e+02 8.326218724251e-01
-8.427557983398e+02 8.340891599655e-01
-8.510703125000e+02 8.346863389015e-01
-8.593847656250e+02 8.332435488701e-01
-8.676992187500e+02 8.334867358208e-01
-8.760137329102e+02 8.323820829391e-01
-8.843281860352e+02 8.314888477325e-01
-8.926426391602e+02 8.308295011520e-01
-9.009571533203e+02 8.320546150208e-01
-9.092716064453e+02 8.312730789185e-01
-9.175860595703e+02 8.323514461517e-01
-9.259005737305e+02 8.320584893227e-01
-9.342150268555e+02 8.322308659554e-01
-9.425294799805e+02 8.322479128838e-01
-9.508439941406e+02 8.334254622459e-01
-9.591584472656e+02 8.330529332161e-01
-9.674729003906e+02 8.331075310707e-01
-9.757874145508e+02 8.330847620964e-01
-9.841018676758e+02 8.321447968483e-01
-9.924163208008e+02 8.329124450684e-01
-1.000730834961e+03 8.322465419769e-01
-1.009045288086e+03 8.335330486298e-01
-1.017359741211e+03 8.331790566444e-01
-1.025674194336e+03 8.324685692787e-01
-1.033988769531e+03 8.340275287628e-01
-1.042303222656e+03 8.333491086960e-01
-1.050617675781e+03 8.336982131004e-01
-1.058932128906e+03 8.336046338081e-01
-1.067246582031e+03 8.332071304321e-01
-1.075561035156e+03 8.330476284027e-01
-1.083875610352e+03 8.334629535675e-01
-1.092190063477e+03 8.332476019859e-01
-1.100504516602e+03 8.327277898788e-01
-1.108818969727e+03 8.325215578079e-01
-1.117133422852e+03 8.319393396378e-01
-1.125447875977e+03 8.330002427101e-01
-1.133762451172e+03 8.329171538353e-01
-1.142076904297e+03 8.327732682228e-01
-1.150391357422e+03 8.327021002769e-01
-1.158705810547e+03 8.329000473022e-01
-1.167020263672e+03 8.336987495422e-01
-1.175334716797e+03 8.323578834534e-01
-1.183649291992e+03 8.328126668930e-01
-1.191963745117e+03 8.327573537827e-01
-1.200278198242e+03 8.337802886963e-01
-1.208592651367e+03 8.338533043861e-01
-1.216907104492e+03 8.343173265457e-01
-1.225221557617e+03 8.338686227798e-01
-1.233536132812e+03 8.338962793350e-01
-1.241850585938e+03 8.321155309677e-01
-1.250165039062e+03 8.325551748276e-01
-1.258479492188e+03 8.332580924034e-01
-1.266793945312e+03 8.331682085991e-01
-1.275108398438e+03 8.336617350578e-01
-1.283422973633e+03 8.333432078362e-01
-1.291737426758e+03 8.327224850655e-01
-1.300051879883e+03 8.330702781677e-01
-1.308366333008e+03 8.316377997398e-01
-1.316680786133e+03 8.326069712639e-01
-1.324995361328e+03 8.330553174019e-01
-1.333309814453e+03 8.331679105759e-01
-1.341624267578e+03 8.328728675842e-01
-1.349938720703e+03 8.336032629013e-01
-1.358253173828e+03 8.338565230370e-01
-1.366567626953e+03 8.336796164513e-01
-1.374882202148e+03 8.326842784882e-01
-1.383196655273e+03 8.327938914299e-01
-1.391511108398e+03 8.332130312920e-01
-1.399825561523e+03 8.330658078194e-01
-1.408140014648e+03 8.338026404381e-01
-1.416454467773e+03 8.333916664124e-01
-1.424769042969e+03 8.338794708252e-01
-1.433083496094e+03 8.342698812485e-01
-1.441397949219e+03 8.336434364319e-01
-1.449712402344e+03 8.333775997162e-01
-1.458026855469e+03 8.335912227631e-01
-1.466341308594e+03 8.320893049240e-01
-1.474655883789e+03 8.342104554176e-01
-1.482970336914e+03 8.332995176315e-01
-1.491284790039e+03 8.329502344131e-01
-1.499599243164e+03 8.321177363396e-01
-1.507913696289e+03 8.320451974869e-01
-1.516228149414e+03 8.336216211319e-01
-1.524542724609e+03 8.338301181793e-01
-1.532857177734e+03 8.328783512115e-01
-1.541171630859e+03 8.330627679825e-01
-1.549486083984e+03 8.313522934914e-01
-1.557800537109e+03 8.316765427589e-01
-1.566114990234e+03 8.330829739571e-01
-1.574429565430e+03 8.336951732635e-01
-1.582744018555e+03 8.332388401031e-01
-1.591058471680e+03 8.330230712891e-01
-1.599372924805e+03 8.342272639275e-01
-1.607687377930e+03 8.331574201584e-01
-1.616001831055e+03 8.337679505348e-01
-1.624316406250e+03 8.326165080070e-01
-1.632630859375e+03 8.327097892761e-01
-1.640945312500e+03 8.338983058929e-01
-1.649259765625e+03 8.343905210495e-01
-1.657574218750e+03 8.334766626358e-01
-1.665888671875e+03 8.332747817039e-01
-1.674203247070e+03 8.337822556496e-01
-1.682517700195e+03 8.338733911514e-01
-1.690832153320e+03 8.327295184135e-01
-1.699146606445e+03 8.338525891304e-01
-1.707461059570e+03 8.336063623428e-01
-1.715775634766e+03 8.332595229149e-01
-1.724090087891e+03 8.316316604614e-01
-1.732404541016e+03 8.325046896935e-01
-1.740718994141e+03 8.329927325249e-01
-1.749033447266e+03 8.320433497429e-01
-1.757347900391e+03 8.330666422844e-01
-1.765662475586e+03 8.341671228409e-01
-1.773976928711e+03 8.343668580055e-01
-1.782291381836e+03 8.338970541954e-01
-1.790605834961e+03 8.336533904076e-01
-1.798920288086e+03 8.336644768715e-01
-1.807234741211e+03 8.340500593185e-01
-1.815549316406e+03 8.330224752426e-01
-1.823863769531e+03 8.332942724228e-01
-1.832178222656e+03 8.349325656891e-01
-1.840492675781e+03 8.344300985336e-01
-1.848807128906e+03 8.338743448257e-01
-1.857121582031e+03 8.342592716217e-01
-1.865436157227e+03 8.338852524757e-01
-1.873750610352e+03 8.338834643364e-01
-1.882065063477e+03 8.327977657318e-01
-1.890379516602e+03 8.329970836639e-01
-1.898693969727e+03 8.342753052711e-01
-1.907008422852e+03 8.348502516747e-01
-1.915322998047e+03 8.335430622101e-01
-1.923637451172e+03 8.274667263031e-01
