#title: Spectral profile - NGC_1052_SPW1.image-raster
#region (world): Point[[02:41:04.798, -08d15m20.752]]
#region (pixel): Point[[127, 127]]
#coordinate: world
#xLabel: frequency [GHz]
#yLabel: [Jy/beam] Mean

# NGC_1052_SPW1.image-raster
#1.283088836670e+02 8.841241002083e-01
#1.283049774170e+02 8.852486014366e-01
#1.283010711670e+02 8.880289793015e-01
#1.282971649170e+02 8.888906836510e-01
1.282932586670e+02 8.877202868462e-01
1.282893524170e+02 8.873110413551e-01
1.282854461670e+02 8.874027729034e-01
1.282815399170e+02 8.876509070396e-01
1.282776336670e+02 8.864789009094e-01
1.282737274170e+02 8.854604363441e-01
1.282698211670e+02 8.862995505333e-01
1.282659149170e+02 8.860816359520e-01
1.282620086670e+02 8.871159553528e-01
1.282581024170e+02 8.874563574791e-01
1.282541961670e+02 8.871228098869e-01
1.282502899170e+02 8.859955072403e-01
1.282463836670e+02 8.850552439690e-01
1.282424774170e+02 8.856897354126e-01
1.282385711670e+02 8.863426446915e-01
1.282346649170e+02 8.865268230438e-01
1.282307586670e+02 8.875718712807e-01
1.282268524170e+02 8.867455720901e-01
1.282229461670e+02 8.876365423203e-01
1.282190399170e+02 8.869603872299e-01
1.282151336670e+02 8.881937861443e-01
1.282112274170e+02 8.869137763977e-01
1.282073211670e+02 8.855465054512e-01
1.282034149170e+02 8.865257501602e-01
1.281995086670e+02 8.863794207573e-01
1.281956024170e+02 8.858371973038e-01
1.281916961670e+02 8.867966532707e-01
1.281877899170e+02 8.873876333237e-01
1.281838836670e+02 8.879226446152e-01
1.281799774170e+02 8.879889249802e-01
1.281760711670e+02 8.873745203018e-01
1.281721649170e+02 8.869975805283e-01
1.281682586670e+02 8.861712217331e-01
1.281643524170e+02 8.886515498161e-01
1.281604461670e+02 8.878727555275e-01
1.281565399170e+02 8.892026543617e-01
1.281526336670e+02 8.888802528381e-01
1.281487274170e+02 8.879025578499e-01
1.281448211670e+02 8.879638314247e-01
1.281409149170e+02 8.866882324219e-01
1.281370086670e+02 8.862244486809e-01
1.281331024170e+02 8.864157795906e-01
1.281291961670e+02 8.866289854050e-01
1.281253051758e+02 8.865126371384e-01
1.281213989258e+02 8.865426182747e-01
1.281174926758e+02 8.873330354691e-01
1.281135864258e+02 8.867422342300e-01
1.281096801758e+02 8.859999179840e-01
1.281057739258e+02 8.866710066795e-01
1.281018676758e+02 8.873062133789e-01
1.280979614258e+02 8.869782686234e-01
1.280940551758e+02 8.868055939674e-01
1.280901489258e+02 8.859516382217e-01
1.280862426758e+02 8.868396878242e-01
1.280823364258e+02 8.889195322990e-01
1.280784301758e+02 8.884648084641e-01
1.280745239258e+02 8.868391513824e-01
1.280706176758e+02 8.876866102219e-01
1.280667114258e+02 8.878372311592e-01
1.280628051758e+02 8.876969814301e-01
1.280588989258e+02 8.884322047234e-01
1.280549926758e+02 8.872408270836e-01
1.280510864258e+02 8.880934119225e-01
1.280471801758e+02 8.876900672913e-01
1.280432739258e+02 8.879427909851e-01
1.280393676758e+02 8.877473473549e-01
1.280354614258e+02 8.875896930695e-01
1.280315551758e+02 8.872062563896e-01
1.280276489258e+02 8.864529728889e-01
1.280237426758e+02 8.862531781197e-01
1.280198364258e+02 8.865112066269e-01
1.280159301758e+02 8.875812888145e-01
1.280120239258e+02 8.862713575363e-01
1.280081176758e+02 8.875142335892e-01
1.280042114258e+02 8.869954347610e-01
1.280003051758e+02 8.865247964859e-01
1.279963989258e+02 8.871535658836e-01
1.279924926758e+02 8.867292404175e-01
1.279885864258e+02 8.872429728508e-01
1.279846801758e+02 8.869268894196e-01
1.279807739258e+02 8.866360783577e-01
1.279768676758e+02 8.875955939293e-01
1.279729614258e+02 8.871335983276e-01
1.279690551758e+02 8.858813047409e-01
1.279651489258e+02 8.863121271133e-01
1.279612426758e+02 8.854711651802e-01
1.279573364258e+02 8.859262466431e-01
1.279534301758e+02 8.854262828827e-01
1.279495239258e+02 8.860408663750e-01
1.279456176758e+02 8.852597475052e-01
1.279417114258e+02 8.847973346710e-01
1.279378051758e+02 8.855945467949e-01
1.279338989258e+02 8.847772479057e-01
1.279299926758e+02 8.845663070679e-01
1.279260864258e+02 8.848541975021e-01
1.279221801758e+02 8.847534656525e-01
1.279182739258e+02 8.853235840797e-01
1.279143676758e+02 8.860432505608e-01
1.279104614258e+02 8.847581744194e-01
1.279065551758e+02 8.834121227264e-01
1.279026489258e+02 8.838281035423e-01
1.278987426758e+02 8.823518157005e-01
1.278948440552e+02 8.816616535187e-01
1.278909378052e+02 8.833673596382e-01
1.278870315552e+02 8.860655426979e-01
1.278831253052e+02 8.863936662674e-01
1.278792190552e+02 8.874935507774e-01
1.278753128052e+02 8.870091438293e-01
1.278714065552e+02 8.860014677048e-01
1.278675003052e+02 8.863461613655e-01
1.278635940552e+02 8.859155774117e-01
1.278596878052e+02 8.872776031494e-01
1.278557815552e+02 8.876796960831e-01
1.278518753052e+02 8.872839808464e-01
1.278479690552e+02 8.876079320908e-01
1.278440628052e+02 8.872425556183e-01
1.278401565552e+02 8.877596855164e-01
1.278362503052e+02 8.875831365585e-01
1.278323440552e+02 8.880127668381e-01
1.278284378052e+02 8.877819776535e-01
1.278245315552e+02 8.881086111069e-01
1.278206253052e+02 8.864228725433e-01
1.278167190552e+02 8.871041536331e-01
1.278128128052e+02 8.873015642166e-01
1.278089065552e+02 8.879450559616e-01
1.278050003052e+02 8.881625533104e-01
1.278010940552e+02 8.869667649269e-01
1.277971878052e+02 8.868438601494e-01
1.277932815552e+02 8.865324258804e-01
1.277893753052e+02 8.859123587608e-01
1.277854690552e+02 8.868789076805e-01
1.277815628052e+02 8.863590955734e-01
1.277776565552e+02 8.866127133369e-01
1.277737503052e+02 8.872728943825e-01
1.277698440552e+02 8.875730037689e-01
1.277659378052e+02 8.872674107552e-01
1.277620315552e+02 8.871072530746e-01
1.277581253052e+02 8.866063952446e-01
1.277542190552e+02 8.871822357178e-01
1.277503128052e+02 8.881173729897e-01
1.277464065552e+02 8.877052664757e-01
1.277425003052e+02 8.875989913940e-01
1.277386016846e+02 8.885110616684e-01
1.277346954346e+02 8.885439038277e-01
1.277307891846e+02 8.898520469666e-01
1.277268829346e+02 8.894901871681e-01
1.277229766846e+02 8.884222507477e-01
1.277190704346e+02 8.877197504044e-01
1.277151641846e+02 8.877200484276e-01
1.277112579346e+02 8.890929818153e-01
1.277073516846e+02 8.885977268219e-01
1.277034454346e+02 8.877245783806e-01
1.276995391846e+02 8.870235681534e-01
1.276956329346e+02 8.868327736855e-01
1.276917266846e+02 8.863170742989e-01
1.276878204346e+02 8.865915536880e-01
1.276839141846e+02 8.861590027809e-01
1.276800079346e+02 8.872373700142e-01
1.276761016846e+02 8.882478475571e-01
1.276721954346e+02 8.876777887344e-01
1.276682891846e+02 8.887290358543e-01
1.276643829346e+02 8.878156542778e-01
1.276604766846e+02 8.874877691269e-01
1.276565704346e+02 8.876225352287e-01
1.276526641846e+02 8.875103592873e-01
1.276487579346e+02 8.873440027237e-01
1.276448516846e+02 8.878949880600e-01
1.276409454346e+02 8.876116275787e-01
1.276370391846e+02 8.868284225464e-01
1.276331329346e+02 8.876934051514e-01
1.276292266846e+02 8.879880905151e-01
1.276253204346e+02 8.876755237579e-01
1.276214141846e+02 8.876433372498e-01
1.276175079346e+02 8.881746530533e-01
1.276136016846e+02 8.876773715019e-01
1.276096954346e+02 8.893390297890e-01
1.276057891846e+02 8.878316879272e-01
1.276018829346e+02 8.882726430893e-01
1.275979766846e+02 8.883138895035e-01
1.275940704346e+02 8.878239393234e-01
1.275901641846e+02 8.873103857040e-01
1.275862655640e+02 8.869518637657e-01
1.275823593140e+02 8.874052762985e-01
1.275784530640e+02 8.874459862709e-01
1.275745468140e+02 8.870727419853e-01
1.275706405640e+02 8.874406814575e-01
1.275667343140e+02 8.867033123970e-01
1.275628280640e+02 8.860217332840e-01
1.275589218140e+02 8.852433562279e-01
1.275550155640e+02 8.857780694962e-01
1.275511093140e+02 8.863018155098e-01
1.275472030640e+02 8.858282566071e-01
1.275432968140e+02 8.859752416611e-01
1.275393905640e+02 8.864114284515e-01
1.275354843140e+02 8.863310217857e-01
1.275315780640e+02 8.863137960434e-01
1.275276718140e+02 8.866249918938e-01
1.275237655640e+02 8.859452605247e-01
1.275198593140e+02 8.860321640968e-01
1.275159530640e+02 8.856482505798e-01
1.275120468140e+02 8.863608241081e-01
1.275081405640e+02 8.865656256676e-01
1.275042343140e+02 8.866231441498e-01
1.275003280640e+02 8.864811658859e-01
1.274964218140e+02 8.877458572388e-01
1.274925155640e+02 8.874408602715e-01
1.274886093140e+02 8.880004286766e-01
1.274847030640e+02 8.865900039673e-01
1.274807968140e+02 8.859291076660e-01
1.274768905640e+02 8.860294222832e-01
1.274729843140e+02 8.859170675278e-01
1.274690780640e+02 8.858662247658e-01
1.274651718140e+02 8.866966366768e-01
1.274612655640e+02 8.872549533844e-01
1.274573593140e+02 8.865393400192e-01
1.274534530640e+02 8.867049217224e-01
1.274495468140e+02 8.874677419662e-01
1.274456405640e+02 8.881249427795e-01
1.274417343140e+02 8.872907757759e-01
1.274378280640e+02 8.884803652763e-01
1.274339218140e+02 8.872864246368e-01
1.274300231934e+02 8.888943791389e-01
1.274261169434e+02 8.868030905724e-01
1.274222106934e+02 8.874959349632e-01
1.274183044434e+02 8.868318796158e-01
1.274143981934e+02 8.881279826164e-01
1.274104919434e+02 8.868235349655e-01
1.274065856934e+02 8.861294984818e-01
1.274026794434e+02 8.863355517387e-01
1.273987731934e+02 8.869598507881e-01
1.273948669434e+02 8.865391612053e-01
1.273909606934e+02 8.872330784798e-01
1.273870544434e+02 8.864185214043e-01
1.273831481934e+02 8.870444893837e-01
1.273792419434e+02 8.867919445038e-01
1.273753356934e+02 8.874694108963e-01
1.273714294434e+02 8.872520327568e-01
1.273675231934e+02 8.865357041359e-01
1.273636169434e+02 8.874393701553e-01
1.273597106934e+02 8.862607479095e-01
1.273558044434e+02 8.864420652390e-01
1.273518981934e+02 8.867877721786e-01
1.273479919434e+02 8.864017724991e-01
1.273440856934e+02 8.875802755356e-01
1.273401794434e+02 8.877372145653e-01
1.273362731934e+02 8.884453177452e-01
1.273323669434e+02 8.872177600861e-01
1.273284606934e+02 8.886047005653e-01
1.273245544434e+02 8.875638842583e-01
1.273206481934e+02 8.879274725914e-01
1.273167419434e+02 8.882113695145e-01
1.273128356934e+02 8.872262239456e-01
1.273089294434e+02 8.876353502274e-01
1.273050231934e+02 8.858512639999e-01
1.273011169434e+02 8.875946998596e-01
1.272972106934e+02 8.873407244682e-01
1.272933044434e+02 8.874124288559e-01
1.272893981934e+02 8.881286382675e-01
1.272854919434e+02 8.890314698219e-01
1.272815856934e+02 8.883292078972e-01
1.272776870728e+02 8.881112933159e-01
1.272737808228e+02 8.883802294731e-01
1.272698745728e+02 8.879447579384e-01
1.272659683228e+02 8.882604837418e-01
1.272620620728e+02 8.884327411652e-01
1.272581558228e+02 8.882359266281e-01
1.272542495728e+02 8.889147043228e-01
1.272503433228e+02 8.879826664925e-01
1.272464370728e+02 8.887946009636e-01
1.272425308228e+02 8.886511325836e-01
1.272386245728e+02 8.890848755836e-01
1.272347183228e+02 8.887493610382e-01
1.272308120728e+02 8.886423707008e-01
1.272269058228e+02 8.891034722328e-01
1.272229995728e+02 8.890817165375e-01
1.272190933228e+02 8.876793384552e-01
1.272151870728e+02 8.880671858788e-01
1.272112808228e+02 8.884213566780e-01
1.272073745728e+02 8.884507417679e-01
1.272034683228e+02 8.880304098129e-01
1.271995620728e+02 8.886261582375e-01
1.271956558228e+02 8.869253396988e-01
1.271917495728e+02 8.874386548996e-01
1.271878433228e+02 8.870758414268e-01
1.271839370728e+02 8.871691823006e-01
1.271800308228e+02 8.875199556351e-01
1.271761245728e+02 8.871101737022e-01
1.271722183228e+02 8.873623609543e-01
1.271683120728e+02 8.884090185165e-01
1.271644058228e+02 8.873762488365e-01
1.271604995728e+02 8.879497051239e-01
1.271565933228e+02 8.863605856895e-01
1.271526870728e+02 8.887356519699e-01
1.271487808228e+02 8.870763182640e-01
1.271448745728e+02 8.872887492180e-01
1.271409683228e+02 8.887063860893e-01
1.271370620728e+02 8.879258036613e-01
1.271331558228e+02 8.887761831284e-01
1.271292495728e+02 8.875858783722e-01
1.271253433228e+02 8.864436149597e-01
1.271214447021e+02 8.872575759888e-01
1.271175384521e+02 8.867515921593e-01
1.271136322021e+02 8.880019783974e-01
1.271097259521e+02 8.886352181435e-01
1.271058197021e+02 8.876933455467e-01
1.271019134521e+02 8.873921036720e-01
1.270980072021e+02 8.866050839424e-01
1.270941009521e+02 8.870759606361e-01
1.270901947021e+02 8.876226544380e-01
1.270862884521e+02 8.879903554916e-01
1.270823822021e+02 8.873801827431e-01
1.270784759521e+02 8.867384195328e-01
1.270745697021e+02 8.866784572601e-01
1.270706634521e+02 8.865773081779e-01
1.270667572021e+02 8.864525556564e-01
1.270628509521e+02 8.872130513191e-01
1.270589447021e+02 8.884493708611e-01
1.270550384521e+02 8.878833055496e-01
1.270511322021e+02 8.880070447922e-01
1.270472259521e+02 8.877987861633e-01
1.270433197021e+02 8.876305222511e-01
1.270394134521e+02 8.883866667747e-01
1.270355072021e+02 8.875434398651e-01
1.270316009521e+02 8.871983289719e-01
1.270276947021e+02 8.868481516838e-01
1.270237884521e+02 8.865075111389e-01
1.270198822021e+02 8.867257833481e-01
1.270159759521e+02 8.868073821068e-01
1.270120697021e+02 8.873562216759e-01
1.270081634521e+02 8.860994577408e-01
1.270042572021e+02 8.866432905197e-01
1.270003509521e+02 8.868081569672e-01
1.269964447021e+02 8.874238133430e-01
1.269925384521e+02 8.874711990356e-01
1.269886322021e+02 8.872498273849e-01
1.269847259521e+02 8.875032067299e-01
1.269808197021e+02 8.883242607117e-01
1.269769134521e+02 8.871778845787e-01
1.269730072021e+02 8.876530528069e-01
1.269691085815e+02 8.872569203377e-01
1.269652023315e+02 8.876173496246e-01
1.269612960815e+02 8.866650462151e-01
1.269573898315e+02 8.877111077309e-01
1.269534835815e+02 8.868848681450e-01
1.269495773315e+02 8.876165747643e-01
1.269456710815e+02 8.873218297958e-01
1.269417648315e+02 8.885644078255e-01
1.269378585815e+02 8.877232670784e-01
1.269339523315e+02 8.868526220322e-01
1.269300460815e+02 8.861570358276e-01
1.269261398315e+02 8.862323760986e-01
1.269222335815e+02 8.869234919548e-01
1.269183273315e+02 8.860734105110e-01
1.269144210815e+02 8.863586187363e-01
1.269105148315e+02 8.865059614182e-01
1.269066085815e+02 8.872581124306e-01
1.269027023315e+02 8.878266215324e-01
1.268987960815e+02 8.887977600098e-01
1.268948898315e+02 8.890579342842e-01
1.268909835815e+02 8.882949352264e-01
1.268870773315e+02 8.878560662270e-01
1.268831710815e+02 8.881899118423e-01
1.268792648315e+02 8.878763318062e-01
1.268753585815e+02 8.863933682442e-01
1.268714523315e+02 8.864613175392e-01
1.268675460815e+02 8.862330317497e-01
1.268636398315e+02 8.865358233452e-01
1.268597335815e+02 8.864199519157e-01
1.268558273315e+02 8.859801292419e-01
1.268519210815e+02 8.868407011032e-01
1.268480148315e+02 8.877966403961e-01
1.268441085815e+02 8.882124423981e-01
1.268402023315e+02 8.896416425705e-01
1.268362960815e+02 8.894976377487e-01
1.268323898315e+02 8.873612880707e-01
1.268284835815e+02 8.870316147804e-01
1.268245773315e+02 8.864886164665e-01
1.268206710815e+02 8.858049511909e-01
1.268167648315e+02 8.868814110756e-01
1.268128662109e+02 8.869404792786e-01
1.268089599609e+02 8.861802816391e-01
1.268050537109e+02 8.850820064545e-01
1.268011474609e+02 8.873291015625e-01
1.267972412109e+02 8.861945867538e-01
1.267933349609e+02 8.855973482132e-01
1.267894287109e+02 8.855857849121e-01
1.267855224609e+02 8.865522146225e-01
1.267816162109e+02 8.867896199226e-01
1.267777099609e+02 8.876649141312e-01
1.267738037109e+02 8.875576853752e-01
1.267698974609e+02 8.867908716202e-01
1.267659912109e+02 8.872460722923e-01
1.267620849609e+02 8.867630362511e-01
1.267581787109e+02 8.860086798668e-01
1.267542724609e+02 8.855057358742e-01
1.267503662109e+02 8.865719437599e-01
1.267464599609e+02 8.862057924271e-01
1.267425537109e+02 8.865128159523e-01
1.267386474609e+02 8.866312503815e-01
1.267347412109e+02 8.869704604149e-01
1.267308349609e+02 8.872744441032e-01
1.267269287109e+02 8.868261575699e-01
1.267230224609e+02 8.866710662842e-01
1.267191162109e+02 8.862149119377e-01
1.267152099609e+02 8.875475525856e-01
1.267113037109e+02 8.880196809769e-01
1.267073974609e+02 8.873124122620e-01
1.267034912109e+02 8.868833184242e-01
1.266995849609e+02 8.856666684151e-01
1.266956787109e+02 8.867731094360e-01
1.266917724609e+02 8.871894478798e-01
1.266878662109e+02 8.875974416733e-01
1.266839599609e+02 8.874056935310e-01
1.266800537109e+02 8.882440924644e-01
1.266761474609e+02 8.883345723152e-01
1.266722412109e+02 8.870335817337e-01
1.266683349609e+02 8.872745633125e-01
1.266644287109e+02 8.872396945953e-01
1.266605300903e+02 8.879415392876e-01
1.266566238403e+02 8.875959515572e-01
1.266527175903e+02 8.865794539452e-01
1.266488113403e+02 8.868861198425e-01
1.266449050903e+02 8.857901692390e-01
1.266409988403e+02 8.860160708427e-01
1.266370925903e+02 8.863416314125e-01
1.266331863403e+02 8.872607946396e-01
1.266292800903e+02 8.877607584000e-01
1.266253738403e+02 8.874202966690e-01
1.266214675903e+02 8.867484331131e-01
1.266175613403e+02 8.877019882202e-01
1.266136550903e+02 8.879351615906e-01
1.266097488403e+02 8.885158896446e-01
1.266058425903e+02 8.881359100342e-01
1.266019363403e+02 8.892455697060e-01
1.265980300903e+02 8.881208896637e-01
1.265941238403e+02 8.882504105568e-01
1.265902175903e+02 8.889811635017e-01
1.265863113403e+02 8.875036239624e-01
1.265824050903e+02 8.871814608574e-01
1.265784988403e+02 8.880730867386e-01
1.265745925903e+02 8.891018033028e-01
1.265706863403e+02 8.881691098213e-01
1.265667800903e+02 8.878764510155e-01
1.265628738403e+02 8.873527646065e-01
1.265589675903e+02 8.871232271194e-01
1.265550613403e+02 8.867667317390e-01
1.265511550903e+02 8.875972628593e-01
1.265472488403e+02 8.868883848190e-01
1.265433425903e+02 8.867146372795e-01
1.265394363403e+02 8.872666954994e-01
1.265355300903e+02 8.864967226982e-01
1.265316238403e+02 8.878926038742e-01
1.265277175903e+02 8.877981305122e-01
1.265238113403e+02 8.882098197937e-01
1.265199050903e+02 8.874521255493e-01
1.265159988403e+02 8.869770169258e-01
1.265120925903e+02 8.881506919861e-01
1.265081939697e+02 8.870834112167e-01
1.265042877197e+02 8.873894810677e-01
1.265003814697e+02 8.867661952972e-01
1.264964752197e+02 8.858714103699e-01
1.264925689697e+02 8.856348395348e-01
1.264886627197e+02 8.869673609734e-01
1.264847564697e+02 8.872073888779e-01
1.264808502197e+02 8.871695995331e-01
1.264769439697e+02 8.863713741302e-01
1.264730377197e+02 8.882936835289e-01
1.264691314697e+02 8.882757425308e-01
1.264652252197e+02 8.882963657379e-01
1.264613189697e+02 8.874879479408e-01
#1.264574127197e+02 8.886092901230e-01
#1.264535064697e+02 8.888580799103e-01
#1.264496002197e+02 8.889836668968e-01
#1.264456939697e+02 8.824995756149e-01
