#title: Spectral profile - NGC_1052_SPW2.image-raster
#region (world): Point[[02:41:04.798, -08d15m20.753]]
#region (pixel): Point[[127, 127]]
#coordinate: world
#xLabel: frequency [GHz]
#yLabel: [Jy/beam] Mean

# NGC_1052_SPW2.image-raster
1.382521667480e+02 8.371801972389e-01
1.382560729980e+02 8.381341695786e-01
1.382599792480e+02 8.385992646217e-01
1.382638854980e+02 8.414555191994e-01
1.382677917480e+02 8.433989882469e-01
1.382716979980e+02 8.454740047455e-01
1.382756042480e+02 8.456466197968e-01
1.382795104980e+02 8.448675870895e-01
1.382834167480e+02 8.418074250221e-01
1.382873229980e+02 8.413018584251e-01
1.382912292480e+02 8.406261801720e-01
1.382951354980e+02 8.414565920830e-01
1.382990417480e+02 8.411791324615e-01
1.383029479980e+02 8.410455584526e-01
1.383068542480e+02 8.419901132584e-01
1.383107604980e+02 8.414608836174e-01
1.383146667480e+02 8.409244418144e-01
1.383185729980e+02 8.419638276100e-01
1.383224792480e+02 8.413195610046e-01
1.383263854980e+02 8.401335477829e-01
1.383302917480e+02 8.400816917419e-01
1.383341979980e+02 8.411125540733e-01
1.383381042480e+02 8.407819867134e-01
1.383420104980e+02 8.424510955811e-01
1.383459167480e+02 8.412148952484e-01
1.383498229980e+02 8.417140245438e-01
1.383537292480e+02 8.405390381813e-01
1.383576354980e+02 8.405440449715e-01
1.383615417480e+02 8.415151238441e-01
1.383654479980e+02 8.426338434219e-01
1.383693542480e+02 8.421649336815e-01
1.383732604980e+02 8.415659070015e-01
1.383771667480e+02 8.407818078995e-01
1.383810729980e+02 8.399637937546e-01
1.383849792480e+02 8.403126597404e-01
1.383888854980e+02 8.401278853416e-01
1.383927917480e+02 8.413836956024e-01
1.383966979980e+02 8.423416018486e-01
1.384006042480e+02 8.409779071808e-01
1.384045104980e+02 8.409870266914e-01
1.384084167480e+02 8.396261334419e-01
1.384123229980e+02 8.393145799637e-01
1.384162292480e+02 8.392411470413e-01
1.384201354980e+02 8.402314782143e-01
1.384240417480e+02 8.404180407524e-01
1.384279479980e+02 8.396545648575e-01
1.384318542480e+02 8.394409418106e-01
1.384357604980e+02 8.394619822502e-01
1.384396667480e+02 8.390136361122e-01
1.384435729980e+02 8.392316102982e-01
1.384474792480e+02 8.403741121292e-01
1.384513854980e+02 8.411388397217e-01
1.384552917480e+02 8.410289287567e-01
1.384591979980e+02 8.404791355133e-01
1.384631042480e+02 8.400499820709e-01
1.384670104980e+02 8.399168848991e-01
1.384709167480e+02 8.404723405838e-01
1.384748229980e+02 8.400585651398e-01
1.384787292480e+02 8.391440510750e-01
1.384826354980e+02 8.392971754074e-01
1.384865417480e+02 8.396813869476e-01
1.384904479980e+02 8.407398462296e-01
1.384943542480e+02 8.404868841171e-01
1.384982604980e+02 8.403726816177e-01
1.385021667480e+02 8.395397663116e-01
1.385060729980e+02 8.398054838181e-01
1.385099792480e+02 8.404982686043e-01
1.385138854980e+02 8.405979871750e-01
1.385177917480e+02 8.407516479492e-01
1.385216979980e+02 8.409064412117e-01
1.385255889893e+02 8.401681184769e-01
1.385294952393e+02 8.410677909851e-01
1.385334014893e+02 8.411132693291e-01
1.385373077393e+02 8.406189084053e-01
1.385412139893e+02 8.408825993538e-01
1.385451202393e+02 8.400716185570e-01
1.385490264893e+02 8.407533764839e-01
1.385529327393e+02 8.400108218193e-01
1.385568389893e+02 8.400048017502e-01
1.385607452393e+02 8.397688865662e-01
1.385646514893e+02 8.397853970528e-01
1.385685577393e+02 8.388171792030e-01
1.385724639893e+02 8.399993181229e-01
1.385763702393e+02 8.395997881889e-01
1.385802764893e+02 8.397600650787e-01
1.385841827393e+02 8.395496010780e-01
1.385880889893e+02 8.383483290672e-01
1.385919952393e+02 8.397389054298e-01
1.385959014893e+02 8.389318585396e-01
1.385998077393e+02 8.399483561516e-01
1.386037139893e+02 8.392852544785e-01
1.386076202393e+02 8.404525518417e-01
1.386115264893e+02 8.398433923721e-01
1.386154327393e+02 8.407130837440e-01
1.386193389893e+02 8.398653864861e-01
1.386232452393e+02 8.390950560570e-01
1.386271514893e+02 8.392727375031e-01
1.386310577393e+02 8.395658135414e-01
1.386349639893e+02 8.403111696243e-01
1.386388702393e+02 8.386566042900e-01
1.386427764893e+02 8.395696282387e-01
1.386466827393e+02 8.392701745033e-01
1.386505889893e+02 8.393273949623e-01
1.386544952393e+02 8.384954929352e-01
1.386584014893e+02 8.381644487381e-01
1.386623077393e+02 8.385375738144e-01
1.386662139893e+02 8.386750817299e-01
1.386701202393e+02 8.394216299057e-01
1.386740264893e+02 8.399931788445e-01
1.386779327393e+02 8.413137197495e-01
1.386818389893e+02 8.402482271194e-01
1.386857452393e+02 8.399069309235e-01
1.386896514893e+02 8.393527865410e-01
1.386935577393e+02 8.391332626343e-01
1.386974639893e+02 8.381558656693e-01
1.387013702393e+02 8.378208279610e-01
1.387052764893e+02 8.384478092194e-01
1.387091827393e+02 8.399701714516e-01
1.387130889893e+02 8.396281003952e-01
1.387169952393e+02 8.389933109283e-01
1.387209014893e+02 8.384914398193e-01
1.387248077393e+02 8.392489552498e-01
1.387287139893e+02 8.383082151413e-01
1.387326202393e+02 8.389555215836e-01
1.387365264893e+02 8.395637869835e-01
1.387404327393e+02 8.400557637215e-01
1.387443389893e+02 8.404024839401e-01
1.387482452393e+02 8.398120999336e-01
1.387521514893e+02 8.405389189720e-01
1.387560577393e+02 8.398400545120e-01
1.387599639893e+02 8.392847776413e-01
1.387638702393e+02 8.391503691673e-01
1.387677764893e+02 8.387621045113e-01
1.387716827393e+02 8.394375443459e-01
1.387755889893e+02 8.395722508430e-01
1.387794952393e+02 8.382619023323e-01
1.387834014893e+02 8.392977714539e-01
1.387873077393e+02 8.393470048904e-01
1.387912139893e+02 8.394191265106e-01
1.387951202393e+02 8.405335545540e-01
1.387990264893e+02 8.395285010338e-01
1.388029327393e+02 8.392420411110e-01
1.388068389893e+02 8.398568034172e-01
1.388107452393e+02 8.383598327637e-01
1.388146514893e+02 8.399931788445e-01
1.388185577393e+02 8.396899700165e-01
1.388224639893e+02 8.398326635361e-01
1.388263702393e+02 8.386827111244e-01
1.388302764893e+02 8.386191129684e-01
1.388341674805e+02 8.388581871986e-01
1.388380737305e+02 8.385677933693e-01
1.388419799805e+02 8.385398983955e-01
1.388458862305e+02 8.392675518990e-01
1.388497924805e+02 8.398456573486e-01
1.388536987305e+02 8.387397527695e-01
1.388576049805e+02 8.389743566513e-01
1.388615112305e+02 8.390284180641e-01
1.388654174805e+02 8.389524221420e-01
1.388693237305e+02 8.388102650642e-01
1.388732299805e+02 8.393586874008e-01
1.388771362305e+02 8.386390209198e-01
1.388810424805e+02 8.390196561813e-01
1.388849487305e+02 8.391799330711e-01
1.388888549805e+02 8.401914834976e-01
1.388927612305e+02 8.396408557892e-01
1.388966674805e+02 8.398332595825e-01
1.389005737305e+02 8.394913673401e-01
1.389044799805e+02 8.391156196594e-01
1.389083862305e+02 8.386155366898e-01
1.389122924805e+02 8.386752009392e-01
1.389161987305e+02 8.389834761620e-01
1.389201049805e+02 8.384869694710e-01
1.389240112305e+02 8.379922509193e-01
1.389279174805e+02 8.379772901535e-01
1.389318237305e+02 8.392807245255e-01
1.389357299805e+02 8.388193249702e-01
1.389396362305e+02 8.386526703835e-01
1.389435424805e+02 8.382185697556e-01
1.389474487305e+02 8.389042615891e-01
1.389513549805e+02 8.380298614502e-01
1.389552612305e+02 8.375979661942e-01
1.389591674805e+02 8.385167121887e-01
1.389630737305e+02 8.376250267029e-01
1.389669799805e+02 8.381466269493e-01
1.389708862305e+02 8.378427624702e-01
1.389747924805e+02 8.374914526939e-01
1.389786987305e+02 8.373071551323e-01
1.389826049805e+02 8.392884135246e-01
1.389865112305e+02 8.398714065552e-01
1.389904174805e+02 8.396465778351e-01
1.389943237305e+02 8.394474983215e-01
1.389982299805e+02 8.391582369804e-01
1.390021362305e+02 8.390341401100e-01
1.390060424805e+02 8.378163576126e-01
1.390099487305e+02 8.378682136536e-01
1.390138549805e+02 8.381728529930e-01
1.390177612305e+02 8.388077020645e-01
1.390216674805e+02 8.383682370186e-01
1.390255737305e+02 8.384660482407e-01
1.390294799805e+02 8.384590148926e-01
1.390333862305e+02 8.379698395729e-01
1.390372924805e+02 8.385347127914e-01
1.390411987305e+02 8.389582037926e-01
1.390451049805e+02 8.380838632584e-01
1.390490112305e+02 8.379316926003e-01
1.390529174805e+02 8.379419445992e-01
1.390568237305e+02 8.388745784760e-01
1.390607299805e+02 8.385094404221e-01
1.390646362305e+02 8.399748206139e-01
1.390685424805e+02 8.392161726952e-01
1.390724487305e+02 8.393876552582e-01
1.390763549805e+02 8.392394781113e-01
1.390802612305e+02 8.393357992172e-01
1.390841674805e+02 8.390361666679e-01
1.390880737305e+02 8.395282626152e-01
1.390919799805e+02 8.391843438148e-01
1.390958862305e+02 8.395292162895e-01
1.390997924805e+02 8.393030166626e-01
1.391036987305e+02 8.382656574249e-01
1.391076049805e+02 8.386874794960e-01
1.391115112305e+02 8.393065929413e-01
1.391154174805e+02 8.394398689270e-01
1.391193237305e+02 8.386625051498e-01
1.391232299805e+02 8.388506174088e-01
1.391271362305e+02 8.385941386223e-01
1.391310424805e+02 8.385896682739e-01
1.391349487305e+02 8.389277458191e-01
1.391388549805e+02 8.396531343460e-01
1.391427459717e+02 8.393454551697e-01
1.391466522217e+02 8.392965793610e-01
1.391505584717e+02 8.391092419624e-01
1.391544647217e+02 8.391650319099e-01
1.391583709717e+02 8.384288549423e-01
1.391622772217e+02 8.392615318298e-01
1.391661834717e+02 8.396170735359e-01
1.391700897217e+02 8.397257924080e-01
1.391739959717e+02 8.401262760162e-01
1.391779022217e+02 8.402972817421e-01
1.391818084717e+02 8.398640155792e-01
1.391857147217e+02 8.398590087891e-01
1.391896209717e+02 8.398018479347e-01
1.391935272217e+02 8.397247195244e-01
1.391974334717e+02 8.400098085403e-01
1.392013397217e+02 8.413356542587e-01
1.392052459717e+02 8.408229947090e-01
1.392091522217e+02 8.398448228836e-01
1.392130584717e+02 8.403022289276e-01
1.392169647217e+02 8.396788835526e-01
1.392208709717e+02 8.402938246727e-01
1.392247772217e+02 8.391799926758e-01
1.392286834717e+02 8.406184315681e-01
1.392325897217e+02 8.402686119080e-01
1.392364959717e+02 8.401655554771e-01
1.392404022217e+02 8.412657380104e-01
1.392443084717e+02 8.399478793144e-01
1.392482147217e+02 8.402367234230e-01
1.392521209717e+02 8.408082127571e-01
1.392560272217e+02 8.392785787582e-01
1.392599334717e+02 8.407821655273e-01
1.392638397217e+02 8.408159613609e-01
1.392677459717e+02 8.403165340424e-01
1.392716522217e+02 8.400668501854e-01
1.392755584717e+02 8.411538004875e-01
1.392794647217e+02 8.402364850044e-01
1.392833709717e+02 8.407397866249e-01
1.392872772217e+02 8.408568501472e-01
1.392911834717e+02 8.407658934593e-01
1.392950897217e+02 8.412708044052e-01
1.392989959717e+02 8.416521549225e-01
1.393029022217e+02 8.421403169632e-01
1.393068084717e+02 8.413356542587e-01
1.393107147217e+02 8.411368131638e-01
1.393146209717e+02 8.399912118912e-01
1.393185272217e+02 8.406589031219e-01
1.393224334717e+02 8.408693671227e-01
1.393263397217e+02 8.403353095055e-01
1.393302459717e+02 8.402559757233e-01
1.393341522217e+02 8.396548032761e-01
1.393380584717e+02 8.407607078552e-01
1.393419647217e+02 8.399572372437e-01
1.393458709717e+02 8.394567370415e-01
1.393497772217e+02 8.402020931244e-01
1.393536834717e+02 8.397890925407e-01
1.393575897217e+02 8.403013944626e-01
1.393614959717e+02 8.399784564972e-01
1.393654022217e+02 8.412691950798e-01
1.393693084717e+02 8.409251570702e-01
1.393732147217e+02 8.409085869789e-01
1.393771209717e+02 8.405359983444e-01
1.393810272217e+02 8.395610451698e-01
1.393849334717e+02 8.398056626320e-01
1.393888397217e+02 8.399378657341e-01
1.393927459717e+02 8.388619422913e-01
1.393966522217e+02 8.397254943848e-01
1.394005584717e+02 8.398705720901e-01
1.394044647217e+02 8.404356241226e-01
1.394083709717e+02 8.410307168961e-01
1.394122772217e+02 8.403341770172e-01
1.394161834717e+02 8.390708565712e-01
1.394200897217e+02 8.395546078682e-01
1.394239959717e+02 8.394100666046e-01
1.394279022217e+02 8.392079472542e-01
1.394318084717e+02 8.384157419205e-01
1.394357147217e+02 8.383167386055e-01
1.394396209717e+02 8.385751247406e-01
1.394435272217e+02 8.376249670982e-01
1.394474334717e+02 8.380193114281e-01
1.394513244629e+02 8.382900953293e-01
1.394552307129e+02 8.385439515114e-01
1.394591369629e+02 8.391310572624e-01
1.394630432129e+02 8.386670947075e-01
1.394669494629e+02 8.390264511108e-01
1.394708557129e+02 8.392937183380e-01
1.394747619629e+02 8.380335569382e-01
1.394786682129e+02 8.391568064690e-01
1.394825744629e+02 8.396371006966e-01
1.394864807129e+02 8.397984504700e-01
1.394903869629e+02 8.387019038200e-01
1.394942932129e+02 8.396848440170e-01
1.394981994629e+02 8.393561840057e-01
1.395021057129e+02 8.401654958725e-01
1.395060119629e+02 8.396887779236e-01
1.395099182129e+02 8.397928476334e-01
1.395138244629e+02 8.390449285507e-01
1.395177307129e+02 8.388426303864e-01
1.395216369629e+02 8.375325202942e-01
1.395255432129e+02 8.371525406837e-01
1.395294494629e+02 8.360788226128e-01
1.395333557129e+02 8.360059261322e-01
1.395372619629e+02 8.375759720802e-01
1.395411682129e+02 8.378155231476e-01
1.395450744629e+02 8.382129669189e-01
1.395489807129e+02 8.389724493027e-01
1.395528869629e+02 8.382832407951e-01
1.395567932129e+02 8.372983932495e-01
1.395606994629e+02 8.366669416428e-01
1.395646057129e+02 8.377298712730e-01
1.395685119629e+02 8.365748524666e-01
1.395724182129e+02 8.371915221214e-01
1.395763244629e+02 8.369829058647e-01
1.395802307129e+02 8.364540934563e-01
1.395841369629e+02 8.376654386520e-01
1.395880432129e+02 8.387019634247e-01
1.395919494629e+02 8.376812934875e-01
1.395958557129e+02 8.388611078262e-01
1.395997619629e+02 8.386554121971e-01
1.396036682129e+02 8.377613425255e-01
1.396075744629e+02 8.380829095840e-01
1.396114807129e+02 8.400385379791e-01
1.396153869629e+02 8.383759856224e-01
1.396192932129e+02 8.382526040077e-01
1.396231994629e+02 8.384733200073e-01
1.396271057129e+02 8.381214737892e-01
1.396310119629e+02 8.377543687820e-01
1.396349182129e+02 8.370881080627e-01
1.396388244629e+02 8.375141620636e-01
1.396427307129e+02 8.370550274849e-01
1.396466369629e+02 8.362401723862e-01
1.396505432129e+02 8.383667469025e-01
1.396544494629e+02 8.379946351051e-01
1.396583557129e+02 8.376789093018e-01
1.396622619629e+02 8.378805518150e-01
1.396661682129e+02 8.381893634796e-01
1.396700744629e+02 8.390306830406e-01
1.396739807129e+02 8.389449119568e-01
1.396778869629e+02 8.395653367043e-01
1.396817932129e+02 8.390116095543e-01
1.396856994629e+02 8.391616344452e-01
1.396896057129e+02 8.392581939697e-01
1.396935119629e+02 8.395323157310e-01
1.396974182129e+02 8.389948606491e-01
1.397013244629e+02 8.389039039612e-01
1.397052307129e+02 8.374378681183e-01
1.397091369629e+02 8.373438119888e-01
1.397130432129e+02 8.381148576736e-01
1.397169494629e+02 8.377116918564e-01
1.397208557129e+02 8.367377519608e-01
1.397247619629e+02 8.378300666809e-01
1.397286682129e+02 8.374481797218e-01
1.397325744629e+02 8.374258279800e-01
1.397364807129e+02 8.375189304352e-01
1.397403869629e+02 8.384585380554e-01
1.397442932129e+02 8.372009992599e-01
1.397481994629e+02 8.370417952538e-01
1.397521057129e+02 8.365421891212e-01
1.397560119629e+02 8.371847271919e-01
1.397599029541e+02 8.385127782822e-01
1.397638092041e+02 8.376455307007e-01
1.397677154541e+02 8.379387855530e-01
1.397716217041e+02 8.387856483459e-01
1.397755279541e+02 8.381627202034e-01
1.397794342041e+02 8.370549678802e-01
1.397833404541e+02 8.371297717094e-01
1.397872467041e+02 8.375164270401e-01
1.397911529541e+02 8.383578062057e-01
1.397950592041e+02 8.389291167259e-01
1.397989654541e+02 8.389411568642e-01
1.398028717041e+02 8.392421603203e-01
1.398067779541e+02 8.384568691254e-01
1.398106842041e+02 8.379487991333e-01
1.398145904541e+02 8.390601277351e-01
1.398184967041e+02 8.385502099991e-01
1.398224029541e+02 8.379938006401e-01
1.398263092041e+02 8.369925618172e-01
1.398302154541e+02 8.376787304878e-01
1.398341217041e+02 8.374521732330e-01
1.398380279541e+02 8.366972208023e-01
1.398419342041e+02 8.380527496338e-01
1.398458404541e+02 8.387989401817e-01
1.398497467041e+02 8.393020033836e-01
1.398536529541e+02 8.403107523918e-01
1.398575592041e+02 8.388084769249e-01
1.398614654541e+02 8.387698531151e-01
1.398653717041e+02 8.383212089539e-01
1.398692779541e+02 8.386164307594e-01
1.398731842041e+02 8.386396169662e-01
1.398770904541e+02 8.386120200157e-01
1.398809967041e+02 8.384158015251e-01
1.398849029541e+02 8.382706642151e-01
1.398888092041e+02 8.380106091499e-01
1.398927154541e+02 8.380820155144e-01
1.398966217041e+02 8.374016284943e-01
1.399005279541e+02 8.380703926086e-01
1.399044342041e+02 8.381500244141e-01
1.399083404541e+02 8.381546735764e-01
1.399122467041e+02 8.377763628960e-01
1.399161529541e+02 8.376653790474e-01
1.399200592041e+02 8.378494977951e-01
1.399239654541e+02 8.398468494415e-01
1.399278717041e+02 8.398275971413e-01
1.399317779541e+02 8.396747112274e-01
1.399356842041e+02 8.391599655151e-01
1.399395904541e+02 8.394520878792e-01
1.399434967041e+02 8.402078151703e-01
1.399474029541e+02 8.393086194992e-01
1.399513092041e+02 8.400589823723e-01
1.399552154541e+02 8.387446999550e-01
1.399591217041e+02 8.385547995567e-01
1.399630279541e+02 8.391627073288e-01
1.399669342041e+02 8.391059041023e-01
1.399708404541e+02 8.380606770515e-01
1.399747467041e+02 8.383052349091e-01
1.399786529541e+02 8.374494910240e-01
1.399825592041e+02 8.377144336700e-01
1.399864654541e+02 8.395454287529e-01
1.399903717041e+02 8.392059803009e-01
1.399942779541e+02 8.382375240326e-01
1.399981842041e+02 8.375039696693e-01
1.400020904541e+02 8.372043967247e-01
1.400059967041e+02 8.377870321274e-01
1.400099029541e+02 8.383700847626e-01
1.400138092041e+02 8.389415144920e-01
1.400177154541e+02 8.391200304031e-01
1.400216217041e+02 8.390796780586e-01
1.400255279541e+02 8.381468653679e-01
1.400294342041e+02 8.384560942650e-01
1.400333404541e+02 8.390026688576e-01
1.400372467041e+02 8.387894630432e-01
1.400411529541e+02 8.377200961113e-01
1.400450592041e+02 8.367220759392e-01
1.400489654541e+02 8.373252749443e-01
1.400528717041e+02 8.363870978355e-01
1.400567779541e+02 8.365804553032e-01
1.400606842041e+02 8.370833992958e-01
1.400645751953e+02 8.371441960335e-01
1.400684814453e+02 8.384577631950e-01
1.400723876953e+02 8.394204378128e-01
1.400762939453e+02 8.388596773148e-01
1.400802001953e+02 8.388397097588e-01
1.400841064453e+02 8.386033177376e-01
1.400880126953e+02 8.396236300468e-01
1.400919189453e+02 8.385446667671e-01
1.400958251953e+02 8.383788466454e-01
1.400997314453e+02 8.388203382492e-01
1.401036376953e+02 8.403969407082e-01
1.401075439453e+02 8.406978249550e-01
1.401114501953e+02 8.402680754662e-01
1.401153564453e+02 8.352590203285e-01
