#title: Spectral profile - NGC_1052_SPW1.image-raster
#region (world): Point[[02:41:04.798, -08d15m20.752]]
#region (pixel): Point[[128, 127]]
#coordinate: world
#xLabel: frequency [GHz]
#yLabel: [Jy/beam] Mean

# NGC_1052_SPW1.image-raster
#8.690721893311e+01 1.210507750511e+00
8.690331268311e+01 1.210654258728e+00
8.689940643311e+01 1.211103200912e+00
8.689550018311e+01 1.212007641792e+00
8.689159393311e+01 1.212165236473e+00
8.688768768311e+01 1.213143110275e+00
8.688378143311e+01 1.210969924927e+00
8.687987518311e+01 1.211623549461e+00
8.687596893311e+01 1.211109280586e+00
8.687206268311e+01 1.211086511612e+00
8.686815643311e+01 1.211061239243e+00
8.686425018311e+01 1.212678432465e+00
8.686034393311e+01 1.213312745094e+00
8.685643768311e+01 1.213863015175e+00
8.685253143311e+01 1.214863657951e+00
8.684862518311e+01 1.212379574776e+00
8.684471893311e+01 1.213147997856e+00
8.684081268311e+01 1.213626861572e+00
8.683690643311e+01 1.212728738785e+00
8.683300018311e+01 1.212202548981e+00
8.682909393311e+01 1.213308572769e+00
8.682519531250e+01 1.213065505028e+00
8.682128906250e+01 1.212921500206e+00
8.681738281250e+01 1.211902976036e+00
8.681347656250e+01 1.210971951485e+00
8.680957031250e+01 1.211715102196e+00
8.680566406250e+01 1.212092638016e+00
8.680175781250e+01 1.212219357491e+00
8.679785156250e+01 1.211634516716e+00
8.679394531250e+01 1.212537169456e+00
8.679003906250e+01 1.213125944138e+00
8.678613281250e+01 1.212215781212e+00
8.678222656250e+01 1.213100671768e+00
8.677832031250e+01 1.212566852570e+00
8.677441406250e+01 1.212449550629e+00
8.677050781250e+01 1.210751175880e+00
8.676660156250e+01 1.212040543556e+00
8.676269531250e+01 1.211129784584e+00
8.675878906250e+01 1.213082551956e+00
8.675488281250e+01 1.213143110275e+00
8.675097656250e+01 1.213514804840e+00
8.674707031250e+01 1.211390137672e+00
8.674316406250e+01 1.213047027588e+00
8.673925781250e+01 1.211977362633e+00
8.673535156250e+01 1.213780760765e+00
8.673144531250e+01 1.213359475136e+00
8.672753906250e+01 1.214627861977e+00
8.672363281250e+01 1.211513042450e+00
8.671972656250e+01 1.213808417320e+00
8.671582031250e+01 1.213027715683e+00
8.671191406250e+01 1.213645339012e+00
8.670800781250e+01 1.210923314095e+00
8.670410156250e+01 1.211188912392e+00
8.670019531250e+01 1.212464094162e+00
8.669628906250e+01 1.211612224579e+00
8.669238281250e+01 1.211905956268e+00
8.668847656250e+01 1.214141249657e+00
8.668457031250e+01 1.214021325111e+00
8.668066406250e+01 1.211285710335e+00
8.667675781250e+01 1.211286306381e+00
8.667285919189e+01 1.211115837097e+00
8.666895294189e+01 1.213383316994e+00
8.666504669189e+01 1.216632604599e+00
8.666114044189e+01 1.214760065079e+00
8.665723419189e+01 1.215284824371e+00
8.665332794189e+01 1.213782072067e+00
8.664942169189e+01 1.212747335434e+00
8.664551544189e+01 1.211374759674e+00
8.664160919189e+01 1.211526870728e+00
8.663770294189e+01 1.212729811668e+00
8.663379669189e+01 1.214146018028e+00
8.662989044189e+01 1.213618040085e+00
8.662598419189e+01 1.212187170982e+00
8.662207794189e+01 1.213625907898e+00
8.661817169189e+01 1.213025569916e+00
8.661426544189e+01 1.212943315506e+00
8.661035919189e+01 1.211571335793e+00
8.660645294189e+01 1.212797760963e+00
8.660254669189e+01 1.213996648788e+00
8.659864044189e+01 1.213308095932e+00
8.659473419189e+01 1.214880824089e+00
8.659082794189e+01 1.213775873184e+00
8.658692169189e+01 1.213906407356e+00
8.658301544189e+01 1.213452219963e+00
8.657910919189e+01 1.213795542717e+00
8.657520294189e+01 1.212925672531e+00
8.657129669189e+01 1.213399767876e+00
8.656739044189e+01 1.213601112366e+00
8.656348419189e+01 1.213769435883e+00
8.655957794189e+01 1.212162256241e+00
8.655567169189e+01 1.213482379913e+00
8.655176544189e+01 1.213517189026e+00
8.654785919189e+01 1.213711619377e+00
8.654395294189e+01 1.213095545769e+00
8.654004669189e+01 1.212970376015e+00
8.653614044189e+01 1.211714267731e+00
8.653223419189e+01 1.213039875031e+00
8.652832794189e+01 1.212678790092e+00
8.652442169189e+01 1.213473439217e+00
8.652051544189e+01 1.213475227356e+00
8.651661682129e+01 1.213394761086e+00
8.651271057129e+01 1.212783098221e+00
8.650880432129e+01 1.212802052498e+00
8.650489807129e+01 1.213752985001e+00
8.650099182129e+01 1.212038397789e+00
8.649708557129e+01 1.213389754295e+00
8.649317932129e+01 1.213576436043e+00
8.648927307129e+01 1.212428927422e+00
8.648536682129e+01 1.211750388145e+00
8.648146057129e+01 1.212551236153e+00
8.647755432129e+01 1.212206006050e+00
8.647364807129e+01 1.212170362473e+00
8.646974182129e+01 1.212555527687e+00
8.646583557129e+01 1.211895227432e+00
8.646192932129e+01 1.213047504425e+00
8.645802307129e+01 1.213336348534e+00
8.645411682129e+01 1.214300632477e+00
8.645021057129e+01 1.214020848274e+00
8.644630432129e+01 1.214033484459e+00
8.644239807129e+01 1.213044047356e+00
8.643849182129e+01 1.210275292397e+00
8.643458557129e+01 1.212478756905e+00
8.643067932129e+01 1.213414549828e+00
8.642677307129e+01 1.214560389519e+00
8.642286682129e+01 1.212825298309e+00
8.641896057129e+01 1.212879776955e+00
8.641505432129e+01 1.213011384010e+00
8.641114807129e+01 1.211359262466e+00
8.640724182129e+01 1.212671399117e+00
8.640333557129e+01 1.211466908455e+00
8.639942932129e+01 1.212742328644e+00
8.639552307129e+01 1.212847948074e+00
8.639161682129e+01 1.211840867996e+00
8.638771057129e+01 1.212392687798e+00
8.638380432129e+01 1.211882710457e+00
8.637989807129e+01 1.213084459305e+00
8.637599182129e+01 1.211405515671e+00
8.637208557129e+01 1.211263179779e+00
8.636817932129e+01 1.211028456688e+00
8.636428070068e+01 1.212694764137e+00
8.636037445068e+01 1.211154103279e+00
8.635646820068e+01 1.212014198303e+00
8.635256195068e+01 1.210950493813e+00
8.634865570068e+01 1.211559295654e+00
8.634474945068e+01 1.211576700211e+00
8.634084320068e+01 1.211912512779e+00
8.633693695068e+01 1.211420774460e+00
8.633303070068e+01 1.213083863258e+00
8.632912445068e+01 1.213833093643e+00
8.632521820068e+01 1.214252948761e+00
8.632131195068e+01 1.212669968605e+00
8.631740570068e+01 1.211974620819e+00
8.631349945068e+01 1.211655855179e+00
8.630959320068e+01 1.211915612221e+00
8.630568695068e+01 1.212573885918e+00
8.630178070068e+01 1.212388634682e+00
8.629787445068e+01 1.212288975716e+00
8.629396820068e+01 1.212806940079e+00
8.629006195068e+01 1.212103605270e+00
8.628615570068e+01 1.213852882385e+00
8.628224945068e+01 1.212780475616e+00
8.627834320068e+01 1.212352752686e+00
8.627443695068e+01 1.213453888893e+00
8.627053070068e+01 1.213084936142e+00
8.626662445068e+01 1.212595462799e+00
8.626271820068e+01 1.212900161743e+00
8.625881195068e+01 1.212237834930e+00
8.625490570068e+01 1.213808417320e+00
8.625099945068e+01 1.213025689125e+00
8.624709320068e+01 1.212379455566e+00
8.624318695068e+01 1.213010907173e+00
8.623928070068e+01 1.213647246361e+00
8.623537445068e+01 1.214782118797e+00
8.623146820068e+01 1.216436028481e+00
8.622756195068e+01 1.213366270065e+00
8.622365570068e+01 1.212371826172e+00
8.621974945068e+01 1.212209105492e+00
8.621584320068e+01 1.213007330894e+00
8.621194458008e+01 1.212428569794e+00
8.620803833008e+01 1.212731242180e+00
8.620413208008e+01 1.212751746178e+00
8.620022583008e+01 1.213632345200e+00
8.619631958008e+01 1.214321017265e+00
8.619241333008e+01 1.213660597801e+00
8.618850708008e+01 1.214494824409e+00
8.618460083008e+01 1.213623642921e+00
8.618069458008e+01 1.211276412010e+00
8.617678833008e+01 1.210730195045e+00
8.617288208008e+01 1.211636781693e+00
8.616897583008e+01 1.212471961975e+00
8.616506958008e+01 1.211346149445e+00
8.616116333008e+01 1.213259816170e+00
8.615725708008e+01 1.212324142456e+00
8.615335083008e+01 1.210979104042e+00
8.614944458008e+01 1.210566043854e+00
8.614553833008e+01 1.210592627525e+00
8.614163208008e+01 1.211099982262e+00
8.613772583008e+01 1.213010191917e+00
8.613381958008e+01 1.212433576584e+00
8.612991333008e+01 1.211882114410e+00
8.612600708008e+01 1.212631464005e+00
8.612210083008e+01 1.212625741959e+00
8.611819458008e+01 1.213382005692e+00
8.611428833008e+01 1.213364720345e+00
8.611038208008e+01 1.212360620499e+00
8.610647583008e+01 1.213102459908e+00
8.610256958008e+01 1.211871743202e+00
8.609866333008e+01 1.210515618324e+00
8.609475708008e+01 1.211717128754e+00
8.609085083008e+01 1.213300943375e+00
8.608694458008e+01 1.212007641792e+00
8.608303833008e+01 1.212324976921e+00
8.607913208008e+01 1.213098049164e+00
8.607522583008e+01 1.211237192154e+00
8.607131958008e+01 1.212746739388e+00
8.606741333008e+01 1.212253451347e+00
8.606350708008e+01 1.214891076088e+00
8.605960845947e+01 1.213474869728e+00
8.605570220947e+01 1.212530970573e+00
8.605179595947e+01 1.211331129074e+00
8.604788970947e+01 1.212747573853e+00
8.604398345947e+01 1.212835311890e+00
8.604007720947e+01 1.212317943573e+00
8.603617095947e+01 1.212580919266e+00
8.603226470947e+01 1.211349129677e+00
8.602835845947e+01 1.212163329124e+00
8.602445220947e+01 1.213776826859e+00
8.602054595947e+01 1.213932752609e+00
8.601663970947e+01 1.214874505997e+00
8.601273345947e+01 1.213659405708e+00
8.600882720947e+01 1.212164521217e+00
8.600492095947e+01 1.212201714516e+00
8.600101470947e+01 1.212648749352e+00
8.599710845947e+01 1.213275074959e+00
8.599320220947e+01 1.213869333267e+00
8.598929595947e+01 1.212203741074e+00
8.598538970947e+01 1.212378501892e+00
8.598148345947e+01 1.211247801781e+00
8.597757720947e+01 1.211034297943e+00
8.597367095947e+01 1.212059259415e+00
8.596976470947e+01 1.212892651558e+00
8.596585845947e+01 1.212580800056e+00
8.596195220947e+01 1.214764237404e+00
8.595804595947e+01 1.214349985123e+00
8.595413970947e+01 1.213008522987e+00
8.595023345947e+01 1.212125420570e+00
8.594632720947e+01 1.211583256721e+00
8.594242095947e+01 1.209413170815e+00
8.593851470947e+01 1.211143612862e+00
8.593460845947e+01 1.211609244347e+00
8.593070220947e+01 1.212500572205e+00
8.592679595947e+01 1.212182879448e+00
8.592288970947e+01 1.212161302567e+00
8.591898345947e+01 1.212466716766e+00
8.591507720947e+01 1.209195971489e+00
8.591117095947e+01 1.207595229149e+00
8.590727233887e+01 1.209083795547e+00
8.590336608887e+01 1.208105444908e+00
8.589945983887e+01 1.212917804718e+00
8.589555358887e+01 1.214347600937e+00
8.589164733887e+01 1.212666034698e+00
8.588774108887e+01 1.212386727333e+00
8.588383483887e+01 1.211444616318e+00
8.587992858887e+01 1.210878133774e+00
8.587602233887e+01 1.212573289871e+00
8.587211608887e+01 1.212294816971e+00
8.586820983887e+01 1.212802171707e+00
8.586430358887e+01 1.211237907410e+00
8.586039733887e+01 1.211976885796e+00
8.585649108887e+01 1.213348269463e+00
8.585258483887e+01 1.212695956230e+00
8.584867858887e+01 1.213720560074e+00
8.584477233887e+01 1.212940573692e+00
8.584086608887e+01 1.212720990181e+00
8.583695983887e+01 1.214036345482e+00
8.583305358887e+01 1.213347315788e+00
8.582914733887e+01 1.215016007423e+00
8.582524108887e+01 1.215044379234e+00
8.582133483887e+01 1.214957594872e+00
8.581742858887e+01 1.215888261795e+00
8.581352233887e+01 1.214375853539e+00
8.580961608887e+01 1.214485645294e+00
8.580570983887e+01 1.215479135513e+00
8.580180358887e+01 1.215088248253e+00
8.579789733887e+01 1.217547774315e+00
8.579399108887e+01 1.215370297432e+00
8.579008483887e+01 1.215185999870e+00
8.578617858887e+01 1.214498281479e+00
8.578227233887e+01 1.215789198875e+00
8.577836608887e+01 1.215983033180e+00
8.577445983887e+01 1.216212630272e+00
8.577055358887e+01 1.213859319687e+00
8.576664733887e+01 1.214734792709e+00
8.576274108887e+01 1.213896036148e+00
8.575883483887e+01 1.215752482414e+00
8.575493621826e+01 1.213906764984e+00
8.575102996826e+01 1.214484572411e+00
8.574712371826e+01 1.214085221291e+00
8.574321746826e+01 1.213848352432e+00
8.573931121826e+01 1.213551163673e+00
8.573540496826e+01 1.213741898537e+00
8.573149871826e+01 1.213965773582e+00
8.572759246826e+01 1.213519811630e+00
8.572368621826e+01 1.213257670403e+00
8.571977996826e+01 1.214443445206e+00
8.571587371826e+01 1.214584827423e+00
8.571196746826e+01 1.214022159576e+00
8.570806121826e+01 1.212506413460e+00
8.570415496826e+01 1.211359858513e+00
8.570024871826e+01 1.212224841118e+00
8.569634246826e+01 1.211270332336e+00
8.569243621826e+01 1.212329149246e+00
8.568852996826e+01 1.212851285934e+00
8.568462371826e+01 1.211467027664e+00
8.568071746826e+01 1.211178898811e+00
8.567681121826e+01 1.209183931351e+00
8.567290496826e+01 1.209718227386e+00
8.566899871826e+01 1.209209918976e+00
8.566509246826e+01 1.211801290512e+00
8.566118621826e+01 1.211978435516e+00
8.565727996826e+01 1.214001178741e+00
8.565337371826e+01 1.211678624153e+00
8.564946746826e+01 1.212353587151e+00
8.564556121826e+01 1.209693551064e+00
8.564165496826e+01 1.207525014877e+00
8.563774871826e+01 1.206960916519e+00
8.563384246826e+01 1.208175182343e+00
8.562993621826e+01 1.209031224251e+00
8.562602996826e+01 1.206764340401e+00
8.562212371826e+01 1.203894495964e+00
8.561821746826e+01 1.203618764877e+00
8.561431121826e+01 1.204560995102e+00
8.561040496826e+01 1.208033561707e+00
8.560649871826e+01 1.213431954384e+00
8.560259246826e+01 1.215399622917e+00
8.559869384766e+01 1.214974164963e+00
8.559478759766e+01 1.214686989784e+00
8.559088134766e+01 1.213259220123e+00
8.558697509766e+01 1.213960886002e+00
8.558306884766e+01 1.213608384132e+00
8.557916259766e+01 1.212849378586e+00
8.557525634766e+01 1.214766860008e+00
8.557135009766e+01 1.214979767799e+00
8.556744384766e+01 1.214930176735e+00
8.556353759766e+01 1.215521574020e+00
8.555963134766e+01 1.215944051743e+00
8.555572509766e+01 1.214377522469e+00
8.555181884766e+01 1.214676260948e+00
8.554791259766e+01 1.214495420456e+00
8.554400634766e+01 1.214833974838e+00
8.554010009766e+01 1.214666724205e+00
8.553619384766e+01 1.213655471802e+00
8.553228759766e+01 1.214360952377e+00
8.552838134766e+01 1.215984344482e+00
8.552447509766e+01 1.214514136314e+00
8.552056884766e+01 1.212023258209e+00
8.551666259766e+01 1.214151024818e+00
8.551275634766e+01 1.213970899582e+00
8.550885009766e+01 1.214775085449e+00
8.550494384766e+01 1.212822079659e+00
8.550103759766e+01 1.214888811111e+00
8.549713134766e+01 1.215012311935e+00
8.549322509766e+01 1.213761448860e+00
8.548931884766e+01 1.215196609497e+00
8.548541259766e+01 1.213809728622e+00
8.548150634766e+01 1.213126301765e+00
8.547760009766e+01 1.213510632515e+00
8.547369384766e+01 1.213338971138e+00
8.546978759766e+01 1.213467359543e+00
8.546588134766e+01 1.214030623436e+00
8.546197509766e+01 1.214448094368e+00
8.545806884766e+01 1.213538885117e+00
8.545416259766e+01 1.213575482368e+00
8.545025634766e+01 1.212592720985e+00
8.544635772705e+01 1.212374448776e+00
8.544245147705e+01 1.212388157845e+00
8.543854522705e+01 1.211953997612e+00
8.543463897705e+01 1.214867115021e+00
8.543073272705e+01 1.214357137680e+00
8.542682647705e+01 1.215032100677e+00
8.542292022705e+01 1.215961694717e+00
8.541901397705e+01 1.214928269386e+00
8.541510772705e+01 1.212678909302e+00
8.541120147705e+01 1.212725162506e+00
8.540729522705e+01 1.213011384010e+00
8.540338897705e+01 1.212550520897e+00
8.539948272705e+01 1.214651346207e+00
8.539557647705e+01 1.214355587959e+00
8.539167022705e+01 1.213788390160e+00
8.538776397705e+01 1.213290810585e+00
8.538385772705e+01 1.212200760841e+00
8.537995147705e+01 1.212571620941e+00
8.537604522705e+01 1.214123487473e+00
8.537213897705e+01 1.213673353195e+00
8.536823272705e+01 1.212765097618e+00
8.536432647705e+01 1.213209390640e+00
8.536042022705e+01 1.212670922279e+00
8.535651397705e+01 1.212918519974e+00
8.535260772705e+01 1.213064908981e+00
8.534870147705e+01 1.214621782303e+00
8.534479522705e+01 1.212545633316e+00
8.534088897705e+01 1.214447259903e+00
8.533698272705e+01 1.213889122009e+00
8.533307647705e+01 1.214662432671e+00
8.532917022705e+01 1.214573621750e+00
8.532526397705e+01 1.214546322823e+00
8.532135772705e+01 1.213784575462e+00
8.531745147705e+01 1.212852716446e+00
8.531354522705e+01 1.215658903122e+00
8.530963897705e+01 1.214292883873e+00
8.530573272705e+01 1.214781999588e+00
8.530182647705e+01 1.215140938759e+00
8.529792022705e+01 1.213404655457e+00
8.529402160645e+01 1.214503526688e+00
8.529011535645e+01 1.212659358978e+00
8.528620910645e+01 1.212519526482e+00
8.528230285645e+01 1.212853789330e+00
8.527839660645e+01 1.213417410851e+00
8.527449035645e+01 1.214698314667e+00
8.527058410645e+01 1.213367581367e+00
8.526667785645e+01 1.213578343391e+00
8.526277160645e+01 1.214268207550e+00
8.525886535645e+01 1.214703440666e+00
8.525495910645e+01 1.214235782623e+00
8.525105285645e+01 1.215281009674e+00
8.524714660645e+01 1.212092399597e+00
8.524324035645e+01 1.212460279465e+00
8.523933410645e+01 1.212041616440e+00
8.523542785645e+01 1.213456153870e+00
8.523152160645e+01 1.213972091675e+00
8.522761535645e+01 1.214144110680e+00
8.522370910645e+01 1.212905287743e+00
8.521980285645e+01 1.211895585060e+00
8.521589660645e+01 1.211745738983e+00
8.521199035645e+01 1.213008046150e+00
8.520808410645e+01 1.213722109795e+00
8.520417785645e+01 1.213960409164e+00
8.520027160645e+01 1.213337659836e+00
8.519636535645e+01 1.213313341141e+00
8.519245910645e+01 1.213115930557e+00
8.518855285645e+01 1.213901758194e+00
8.518464660645e+01 1.212435364723e+00
8.518074035645e+01 1.211818933487e+00
8.517683410645e+01 1.213896751404e+00
8.517292785645e+01 1.212866663933e+00
8.516902160645e+01 1.213015317917e+00
8.516511535645e+01 1.212321043015e+00
8.516120910645e+01 1.214668035507e+00
8.515730285645e+01 1.212757825851e+00
8.515339660645e+01 1.213165521622e+00
8.514949035645e+01 1.214042544365e+00
8.514558410645e+01 1.212196350098e+00
8.514168548584e+01 1.212634563446e+00
8.513777923584e+01 1.215408921242e+00
8.513387298584e+01 1.214174628258e+00
8.512996673584e+01 1.215472817421e+00
8.512606048584e+01 1.214915871620e+00
8.512215423584e+01 1.213219642639e+00
8.511824798584e+01 1.212756514549e+00
8.511434173584e+01 1.214321732521e+00
8.511043548584e+01 1.213146209717e+00
8.510652923584e+01 1.213430285454e+00
8.510262298584e+01 1.212516784668e+00
8.509871673584e+01 1.215004444122e+00
8.509481048584e+01 1.214684963226e+00
8.509090423584e+01 1.214912176132e+00
8.508699798584e+01 1.214633941650e+00
8.508309173584e+01 1.215052604675e+00
8.507918548584e+01 1.211778640747e+00
8.507527923584e+01 1.210438013077e+00
8.507137298584e+01 1.214191079140e+00
8.506746673584e+01 1.215314388275e+00
8.506356048584e+01 1.214583277702e+00
8.505965423584e+01 1.215214848518e+00
8.505574798584e+01 1.216851234436e+00
8.505184173584e+01 1.215257406235e+00
8.504793548584e+01 1.214837551117e+00
#8.504402923584e+01 1.209233164787e+00
