#title: Spectral profile - NGC_1052_SPW0.image-raster
#region (world): Point[[02:41:04.798, -08d15m20.753]]
#region (pixel): Point[[128, 127]]
#coordinate: world
#xLabel: radio velocity [km/s]
#yLabel: [Jy/beam] Mean

# NGC_1052_SPW0.image-raster
#-2.170433837891e+03 8.720526695251e-01
#-2.161365966797e+03 8.769743442535e-01
#-2.152298339844e+03 8.779637813568e-01
#-2.143230468750e+03 8.784837722778e-01
-2.134162597656e+03 8.814348578453e-01
-2.125094970703e+03 8.836675286293e-01
-2.116027099609e+03 8.852541446686e-01
-2.106959228516e+03 8.833239078522e-01
-2.097891357422e+03 8.795099854469e-01
-2.088823730469e+03 8.786239027977e-01
-2.079755859375e+03 8.779404759407e-01
-2.070687988281e+03 8.784019351006e-01
-2.061620117188e+03 8.789855837822e-01
-2.052552490234e+03 8.791570067406e-01
-2.043484619141e+03 8.796275854111e-01
-2.034416870117e+03 8.812139034271e-01
-2.025348999023e+03 8.783955574036e-01
-2.016281250000e+03 8.784657120705e-01
-2.007213378906e+03 8.786225318909e-01
-1.998145629883e+03 8.773848414421e-01
-1.989077758789e+03 8.791701197624e-01
-1.980010009766e+03 8.802345991135e-01
-1.970942260742e+03 8.803373575211e-01
-1.961874389648e+03 8.799199461937e-01
-1.952806640625e+03 8.804410696030e-01
-1.943738769531e+03 8.807970285416e-01
-1.934671020508e+03 8.788663148880e-01
-1.925603149414e+03 8.785418868065e-01
-1.916535400391e+03 8.782901763916e-01
-1.907467529297e+03 8.790835142136e-01
-1.898399780273e+03 8.798301219940e-01
-1.889332031250e+03 8.808602094650e-01
-1.880264160156e+03 8.803288936615e-01
-1.871196411133e+03 8.792411088943e-01
-1.862128540039e+03 8.790467381477e-01
-1.853060791016e+03 8.777320384979e-01
-1.843992919922e+03 8.785321712494e-01
-1.834925170898e+03 8.797416090965e-01
-1.825857299805e+03 8.800384402275e-01
-1.816789550781e+03 8.793308138847e-01
-1.807721679688e+03 8.810134530067e-01
-1.798653930664e+03 8.794005513191e-01
-1.789586181641e+03 8.798980712891e-01
-1.780518310547e+03 8.793276548386e-01
-1.771450561523e+03 8.791962862015e-01
-1.762382690430e+03 8.802762031555e-01
-1.753314941406e+03 8.793262243271e-01
-1.744247070312e+03 8.791918754578e-01
-1.735179321289e+03 8.793660998344e-01
-1.726111450195e+03 8.780740499496e-01
-1.717043701172e+03 8.787847161293e-01
-1.707975952148e+03 8.797287344933e-01
-1.698908081055e+03 8.801327347755e-01
-1.689840332031e+03 8.803272247314e-01
-1.680772460938e+03 8.799496889114e-01
-1.671704711914e+03 8.799518942833e-01
-1.662636840820e+03 8.790581226349e-01
-1.653569091797e+03 8.783981204033e-01
-1.644501220703e+03 8.776941895485e-01
-1.635433471680e+03 8.797554969788e-01
-1.626365722656e+03 8.795189857483e-01
-1.617297851562e+03 8.801949024200e-01
-1.608230102539e+03 8.792841434479e-01
-1.599162231445e+03 8.803657293320e-01
-1.590094482422e+03 8.795759081841e-01
-1.581026611328e+03 8.791711330414e-01
-1.571958862305e+03 8.791682124138e-01
-1.562890991211e+03 8.797277212143e-01
-1.553823242188e+03 8.799598813057e-01
-1.544755493164e+03 8.804275393486e-01
-1.535687622070e+03 8.797628283501e-01
-1.526619873047e+03 8.807722926140e-01
-1.517552001953e+03 8.809782862663e-01
-1.508484252930e+03 8.794189691544e-01
-1.499416381836e+03 8.804594278336e-01
-1.490348632812e+03 8.789643645287e-01
-1.481280761719e+03 8.794379830360e-01
-1.472213012695e+03 8.781384229660e-01
-1.463145263672e+03 8.784816265106e-01
-1.454077392578e+03 8.784643411636e-01
-1.445009643555e+03 8.779631257057e-01
-1.435941772461e+03 8.790035843849e-01
-1.426874023438e+03 8.783116936684e-01
-1.417806152344e+03 8.794873356819e-01
-1.408738403320e+03 8.808211088181e-01
-1.399670532227e+03 8.790398836136e-01
-1.390602783203e+03 8.776070475578e-01
-1.381535034180e+03 8.799168467522e-01
-1.372467163086e+03 8.791985511780e-01
-1.363399414062e+03 8.802592754364e-01
-1.354331542969e+03 8.796321749687e-01
-1.345263793945e+03 8.785737156868e-01
-1.336195922852e+03 8.801933526993e-01
-1.327128173828e+03 8.797038197517e-01
-1.318060302734e+03 8.791100978851e-01
-1.308992553711e+03 8.791896700859e-01
-1.299924804688e+03 8.793086409569e-01
-1.290856933594e+03 8.799121975899e-01
-1.281789184570e+03 8.792907595634e-01
-1.272721313477e+03 8.791486620903e-01
-1.263653564453e+03 8.787873387337e-01
-1.254585693359e+03 8.791537880898e-01
-1.245517944336e+03 8.793914914131e-01
-1.236450073242e+03 8.788096904755e-01
-1.227382324219e+03 8.798900246620e-01
-1.218314575195e+03 8.788603544235e-01
-1.209246704102e+03 8.790464401245e-01
-1.200178955078e+03 8.794780969620e-01
-1.191111083984e+03 8.805413842201e-01
-1.182043334961e+03 8.802106380463e-01
-1.172975463867e+03 8.800204992294e-01
-1.163907714844e+03 8.800262808800e-01
-1.154839843750e+03 8.801832199097e-01
-1.145772094727e+03 8.796328306198e-01
-1.136704223633e+03 8.789074420929e-01
-1.127636474609e+03 8.782875537872e-01
-1.118568725586e+03 8.791885375977e-01
-1.109500854492e+03 8.802577257156e-01
-1.100433105469e+03 8.801425695419e-01
-1.091365234375e+03 8.810086846352e-01
-1.082297485352e+03 8.797016143799e-01
-1.073229614258e+03 8.801150321960e-01
-1.064161865234e+03 8.798710107803e-01
-1.055093994141e+03 8.801089525223e-01
-1.046026245117e+03 8.810473084450e-01
-1.036958496094e+03 8.808134794235e-01
-1.027890625000e+03 8.804615736008e-01
-1.018822814941e+03 8.809299468994e-01
-1.009755004883e+03 8.810292482376e-01
-1.000687255859e+03 8.806113600731e-01
-9.916194458008e+02 8.795683979988e-01
-9.825516357422e+02 8.797566294670e-01
-9.734838256836e+02 8.790363073349e-01
-9.644160156250e+02 8.786888718605e-01
-9.553482055664e+02 8.790216445923e-01
-9.462803955078e+02 8.793463110924e-01
-9.372125854492e+02 8.798322677612e-01
-9.281447753906e+02 8.799186348915e-01
-9.190770263672e+02 8.800032138824e-01
-9.100092163086e+02 8.814082741737e-01
-9.009414062500e+02 8.797889351845e-01
-8.918735961914e+02 8.795223236084e-01
-8.828057861328e+02 8.785805702209e-01
-8.737379760742e+02 8.789727687836e-01
-8.646701660156e+02 8.807759881020e-01
-8.556023559570e+02 8.798375129700e-01
-8.465345458984e+02 8.805794715881e-01
-8.374667968750e+02 8.804271817207e-01
-8.283989868164e+02 8.799297809601e-01
-8.193311767578e+02 8.791184425354e-01
-8.102633666992e+02 8.790293931961e-01
-8.011955566406e+02 8.791837096214e-01
-7.921277465820e+02 8.792869448662e-01
-7.830599365234e+02 8.794760107994e-01
-7.739921264648e+02 8.803449273109e-01
-7.649243164062e+02 8.805816769600e-01
-7.558565673828e+02 8.795729279518e-01
-7.467887573242e+02 8.796828985214e-01
-7.377209472656e+02 8.797080516815e-01
-7.286531372070e+02 8.791828751564e-01
-7.195853271484e+02 8.795577883720e-01
-7.105175170898e+02 8.796270489693e-01
-7.014497070312e+02 8.799424171448e-01
-6.923818969727e+02 8.801737427711e-01
-6.833140869141e+02 8.796057105064e-01
-6.742462768555e+02 8.787783980370e-01
-6.651785278320e+02 8.787801265717e-01
-6.561107177734e+02 8.793858289719e-01
-6.470429077148e+02 8.807393312454e-01
-6.379750976562e+02 8.812797069550e-01
-6.289072875977e+02 8.813165426254e-01
-6.198394775391e+02 8.806486725807e-01
-6.107716674805e+02 8.802701830864e-01
-6.017038574219e+02 8.796472549438e-01
-5.926360473633e+02 8.797855377197e-01
-5.835682983398e+02 8.802863359451e-01
-5.745004882812e+02 8.816349506378e-01
-5.654326782227e+02 8.806876540184e-01
-5.563648681641e+02 8.803428411484e-01
-5.472970581055e+02 8.794780373573e-01
-5.382292480469e+02 8.795539736748e-01
-5.291614379883e+02 8.805721998215e-01
-5.200936279297e+02 8.804291486740e-01
-5.110258483887e+02 8.792478442192e-01
-5.019580383301e+02 8.787933588028e-01
-4.928902282715e+02 8.794581890106e-01
-4.838224487305e+02 8.802499175072e-01
-4.747546386719e+02 8.797245025635e-01
-4.656868286133e+02 8.789458870888e-01
-4.566190185547e+02 8.795614242554e-01
-4.475512084961e+02 8.803208470345e-01
-4.384834289551e+02 8.789379000664e-01
-4.294156188965e+02 8.802468776703e-01
-4.203478088379e+02 8.807237148285e-01
-4.112799987793e+02 8.802976608276e-01
-4.022121887207e+02 8.790597915649e-01
-3.931444091797e+02 8.805345296860e-01
-3.840765991211e+02 8.795077204704e-01
-3.750087890625e+02 8.788935542107e-01
-3.659409790039e+02 8.794875741005e-01
-3.568731994629e+02 8.797699809074e-01
-3.478053894043e+02 8.800994157791e-01
-3.387375793457e+02 8.805456757545e-01
-3.296697692871e+02 8.800978064537e-01
-3.206019592285e+02 8.801857233047e-01
-3.115341796875e+02 8.791597485542e-01
-3.024663696289e+02 8.789592385292e-01
-2.933985595703e+02 8.784793019295e-01
-2.843307495117e+02 8.768500685692e-01
-2.752629394531e+02 8.780986666679e-01
-2.661951599121e+02 8.791219592094e-01
-2.571273498535e+02 8.789458870888e-01
-2.480595397949e+02 8.784913420677e-01
-2.389917449951e+02 8.777821660042e-01
-2.299239349365e+02 8.793475627899e-01
-2.208561401367e+02 8.785848021507e-01
-2.117883300781e+02 8.802819252014e-01
-2.027205200195e+02 8.801870346069e-01
-1.936527252197e+02 8.799386024475e-01
-1.845849151611e+02 8.791673779488e-01
-1.755171203613e+02 8.805071115494e-01
-1.664493103027e+02 8.797808289528e-01
-1.573815155029e+02 8.801573514938e-01
-1.483137054443e+02 8.798663020134e-01
-1.392458953857e+02 8.801500201225e-01
-1.301781005859e+02 8.801580071449e-01
-1.211102981567e+02 8.802158832550e-01
-1.120424880981e+02 8.800334334373e-01
-1.029746856689e+02 8.789848089218e-01
-9.390688323975e+01 8.800049424171e-01
-8.483908081055e+01 8.790527582169e-01
-7.577127838135e+01 8.802986145020e-01
-6.670347595215e+01 8.804683089256e-01
-5.763566970825e+01 8.798331022263e-01
-4.856786727905e+01 8.800200819969e-01
-3.950006484985e+01 8.807982206345e-01
-3.043226051331e+01 8.804731965065e-01
-2.136445617676e+01 8.794074654579e-01
-1.229665374756e+01 8.800097703934e-01
-3.228849887848e+00 8.794972896576e-01
5.838953495026e+00 8.801339864731e-01
1.490675735474e+01 8.803042769432e-01
2.397455978394e+01 8.814508318901e-01
3.304236221313e+01 8.808926939964e-01
4.211016845703e+01 8.806625008583e-01
5.117797088623e+01 8.798348903656e-01
6.024577331543e+01 8.803679347038e-01
6.931357574463e+01 8.799825906754e-01
7.838137817383e+01 8.801568150520e-01
8.744918823242e+01 8.801313042641e-01
9.651699066162e+01 8.792741894722e-01
1.055847930908e+02 8.791003823280e-01
1.146525955200e+02 8.785433769226e-01
1.237203979492e+02 8.785421848297e-01
1.327882080078e+02 8.797631859779e-01
1.418560028076e+02 8.805888295174e-01
1.509238128662e+02 8.809791207314e-01
1.599916076660e+02 8.812102079391e-01
1.690594177246e+02 8.800836801529e-01
1.781272125244e+02 8.804270029068e-01
1.871950225830e+02 8.807377219200e-01
1.962628326416e+02 8.806173801422e-01
2.053306274414e+02 8.805220723152e-01
2.143984375000e+02 8.795834183693e-01
2.234662322998e+02 8.803803920746e-01
2.325340423584e+02 8.794132471085e-01
2.416018371582e+02 8.791302442551e-01
2.506696472168e+02 8.800396323204e-01
2.597374572754e+02 8.802308440208e-01
2.688052673340e+02 8.802311420441e-01
2.778730468750e+02 8.807690143585e-01
2.869408569336e+02 8.802381753922e-01
2.960086669922e+02 8.814851045609e-01
3.050764770508e+02 8.813128471375e-01
3.141442565918e+02 8.807260394096e-01
3.232120666504e+02 8.807333111763e-01
3.322798767090e+02 8.803913593292e-01
3.413476867676e+02 8.804283142090e-01
3.504154968262e+02 8.795040249825e-01
3.594832763672e+02 8.797416090965e-01
3.685510864258e+02 8.803237676620e-01
3.776188964844e+02 8.800866603851e-01
3.866867065430e+02 8.796954751015e-01
3.957545166016e+02 8.806592226028e-01
4.048222961426e+02 8.810182809830e-01
4.138901062012e+02 8.804566264153e-01
4.229579162598e+02 8.807991743088e-01
4.320257263184e+02 8.811575174332e-01
4.410935058594e+02 8.806673288345e-01
4.501613159180e+02 8.793550729752e-01
4.592291259766e+02 8.806264400482e-01
4.682969360352e+02 8.799601197243e-01
4.773647460938e+02 8.805125355721e-01
4.864325256348e+02 8.799669742584e-01
4.955003356934e+02 8.790781497955e-01
5.045681457520e+02 8.782378435135e-01
5.136359252930e+02 8.785026669502e-01
5.227037353516e+02 8.790347576141e-01
5.317715454102e+02 8.797701001167e-01
5.408393554688e+02 8.791203498840e-01
5.499071655273e+02 8.797096014023e-01
5.589749755859e+02 8.795708417892e-01
5.680427856445e+02 8.799641728401e-01
5.771105957031e+02 8.779195547104e-01
5.861784057617e+02 8.787480592728e-01
5.952461547852e+02 8.784942626953e-01
6.043139648438e+02 8.785570859909e-01
6.133817749023e+02 8.788129687309e-01
6.224495849609e+02 8.789485096931e-01
6.315173950195e+02 8.793408274651e-01
6.405852050781e+02 8.796995282173e-01
6.496530151367e+02 8.800664544106e-01
6.587208251953e+02 8.792764544487e-01
6.677886352539e+02 8.799057602882e-01
6.768563842773e+02 8.799613118172e-01
6.859241943359e+02 8.782780766487e-01
6.949920043945e+02 8.775546550751e-01
7.040598144531e+02 8.773775696754e-01
7.131276245117e+02 8.773732781410e-01
7.221954345703e+02 8.771607279778e-01
7.312632446289e+02 8.782531023026e-01
7.403310546875e+02 8.779948949814e-01
7.493988647461e+02 8.778648972511e-01
7.584666137695e+02 8.780938982964e-01
7.675344238281e+02 8.767135739326e-01
7.766022338867e+02 8.755244016647e-01
7.856700439453e+02 8.737614750862e-01
7.947378540039e+02 8.756638765335e-01
8.038056640625e+02 8.769617080688e-01
8.128734741211e+02 8.787078857422e-01
8.219412841797e+02 8.791508674622e-01
8.310090942383e+02 8.799946308136e-01
8.400768432617e+02 8.802281618118e-01
8.491446533203e+02 8.801763057709e-01
8.582124633789e+02 8.799583315849e-01
8.672802734375e+02 8.797605037689e-01
8.763480834961e+02 8.788479566574e-01
8.854158935547e+02 8.795254230499e-01
8.944837036133e+02 8.794733285904e-01
9.035515136719e+02 8.806559443474e-01
9.126193237305e+02 8.807019591331e-01
9.216871337891e+02 8.811404705048e-01
9.307548828125e+02 8.803814649582e-01
9.398226928711e+02 8.800573348999e-01
9.488905029297e+02 8.801215887070e-01
9.579583129883e+02 8.794823884964e-01
9.670261230469e+02 8.795396685600e-01
9.760939331055e+02 8.812994956970e-01
9.851617431641e+02 8.793058395386e-01
9.942295532227e+02 8.795226812363e-01
1.003297363281e+03 8.785996437073e-01
1.012365112305e+03 8.784877657890e-01
1.021432922363e+03 8.788194656372e-01
1.030500732422e+03 8.798526525497e-01
1.039568603516e+03 8.792356252670e-01
1.048636352539e+03 8.791795969009e-01
1.057704101562e+03 8.802987337112e-01
1.066771972656e+03 8.795322775841e-01
1.075839721680e+03 8.793061971664e-01
1.084907592773e+03 8.796560764313e-01
1.093975341797e+03 8.795113563538e-01
1.103043212891e+03 8.783525824547e-01
1.112110961914e+03 8.783091306686e-01
1.121178833008e+03 8.778297901154e-01
1.130246582031e+03 8.770192861557e-01
1.139314331055e+03 8.788220882416e-01
1.148382202148e+03 8.781521916389e-01
1.157449951172e+03 8.783031702042e-01
1.166517822266e+03 8.773936033249e-01
1.175585571289e+03 8.780910372734e-01
1.184653442383e+03 8.787457942963e-01
1.193721191406e+03 8.784575462341e-01
1.202789062500e+03 8.793130517006e-01
1.211856811523e+03 8.789604902267e-01
1.220924560547e+03 8.789594173431e-01
1.229992431641e+03 8.792914748192e-01
1.239060180664e+03 8.789161443710e-01
1.248128051758e+03 8.782038688660e-01
1.257195800781e+03 8.786202669144e-01
1.266263671875e+03 8.798846602440e-01
1.275331420898e+03 8.791707754135e-01
1.284399291992e+03 8.793539404869e-01
1.293467041016e+03 8.782435059547e-01
1.302534790039e+03 8.783650398254e-01
1.311602661133e+03 8.782751560211e-01
1.320670410156e+03 8.782173395157e-01
1.329738281250e+03 8.773257136345e-01
1.338806030273e+03 8.762729763985e-01
1.347873901367e+03 8.762023448944e-01
1.356941650391e+03 8.742539882660e-01
1.366009521484e+03 8.731890916824e-01
1.375077270508e+03 8.719182014465e-01
1.384145141602e+03 8.722729682922e-01
1.393212890625e+03 8.731763362885e-01
1.402280639648e+03 8.749635219574e-01
1.411348510742e+03 8.772155642509e-01
1.420416259766e+03 8.768191933632e-01
1.429484130859e+03 8.756208419800e-01
1.438551879883e+03 8.740019798279e-01
1.447619750977e+03 8.737082481384e-01
1.456687500000e+03 8.739038109779e-01
1.465755371094e+03 8.732457756996e-01
1.474823120117e+03 8.733716607094e-01
1.483890869141e+03 8.741514682770e-01
1.492958740234e+03 8.745393753052e-01
1.502026489258e+03 8.733489513397e-01
1.511094360352e+03 8.735872507095e-01
1.520162109375e+03 8.738738298416e-01
1.529229980469e+03 8.736078739166e-01
1.538297729492e+03 8.734965920448e-01
1.547365600586e+03 8.723626136780e-01
1.556433349609e+03 8.710197806358e-01
1.565501098633e+03 8.700516819954e-01
1.574568969727e+03 8.687612414360e-01
1.583636718750e+03 8.692092299461e-01
1.592704589844e+03 8.696640729904e-01
1.601772338867e+03 8.699436783791e-01
1.610840209961e+03 8.712819218636e-01
1.619907958984e+03 8.708094358444e-01
1.628975830078e+03 8.684677481651e-01
1.638043579102e+03 8.645171523094e-01
1.647111328125e+03 8.601958751678e-01
1.656179199219e+03 8.602631092072e-01
1.665246948242e+03 8.630937933922e-01
1.674314819336e+03 8.675485849380e-01
1.683382568359e+03 8.703662157059e-01
1.692450439453e+03 8.728547692299e-01
1.701518188477e+03 8.764392733574e-01
1.710586059570e+03 8.763964176178e-01
1.719653808594e+03 8.771761655807e-01
1.728721557617e+03 8.765094876289e-01
1.737789428711e+03 8.765468597412e-01
1.746857177734e+03 8.766767978668e-01
1.755925048828e+03 8.778327703476e-01
1.764992797852e+03 8.791779875755e-01
1.774060668945e+03 8.782611489296e-01
1.783128417969e+03 8.782905936241e-01
1.792196289062e+03 8.791576027870e-01
1.801264038086e+03 8.788803219795e-01
1.810331787109e+03 8.786962628365e-01
1.819399658203e+03 8.780351281166e-01
1.828467407227e+03 8.780089020729e-01
1.837535278320e+03 8.774800896645e-01
1.846603027344e+03 8.769541382790e-01
1.855670898438e+03 8.774870634079e-01
1.864738647461e+03 8.772240877151e-01
1.873806518555e+03 8.773893713951e-01
1.882874267578e+03 8.779881596565e-01
1.891942016602e+03 8.787923455238e-01
1.901009887695e+03 8.788614273071e-01
1.910077636719e+03 8.793745040894e-01
1.919145507812e+03 8.790348172188e-01
1.928213256836e+03 8.743152618408e-01
1.937281127930e+03 8.782503008842e-01
1.946348876953e+03 8.797312378883e-01
1.955416748047e+03 8.801782727242e-01
1.964484497070e+03 8.790024518967e-01
1.973552246094e+03 8.787719011307e-01
1.982620117188e+03 8.792623281479e-01
1.991687866211e+03 8.792077302933e-01
2.000755737305e+03 8.783991932869e-01
2.009823486328e+03 8.781432509422e-01
2.018891357422e+03 8.780028820038e-01
2.027959106445e+03 8.779598474503e-01
2.037026977539e+03 8.784829974174e-01
2.046094726562e+03 8.786281347275e-01
2.055162597656e+03 8.792462348938e-01
2.064230224609e+03 8.785425424576e-01
2.073298095703e+03 8.787341713905e-01
2.082365966797e+03 8.782310485840e-01
2.091433837891e+03 8.798187375069e-01
2.100501464844e+03 8.798081874847e-01
2.109569335938e+03 8.803064823151e-01
2.118637207031e+03 8.802502751350e-01
#2.127705078125e+03 8.814111351967e-01
#2.136772705078e+03 8.830375075340e-01
#2.145840576172e+03 8.818805217743e-01
#2.154908447266e+03 8.746609687805e-01
