 #title: Spectral profile - NGC_1052_SPW0.image-raster
#region (world): Point[[02:41:04.798, -08d15m20.753]]
#region (pixel): Point[[128, 127]]
#coordinate: world
#xLabel: frequency [GHz]
#yLabel: [Jy/beam] Mean

# NGC_1052_SPW0.image-raster
#8.878212738037e+01 1.187297344208e+00
#8.877822113037e+01 1.191887021065e+00
#8.877431488037e+01 1.190800666809e+00
#8.877040863037e+01 1.193626165390e+00
#8.876650238037e+01 1.200719237328e+00
#8.876259613037e+01 1.201330304146e+00
#8.875868988037e+01 1.202325582504e+00
8.875478363037e+01 1.199099063873e+00
8.875087738037e+01 1.196839451790e+00
8.874697113037e+01 1.193991661072e+00
8.874306488037e+01 1.191740751266e+00
8.873915863037e+01 1.192075967789e+00
8.873525238037e+01 1.193046331406e+00
8.873134613037e+01 1.191956400871e+00
8.872743988037e+01 1.193039774895e+00
8.872353363037e+01 1.191579222679e+00
8.871962738037e+01 1.187072396278e+00
8.871572113037e+01 1.185579776764e+00
8.871181488037e+01 1.186547279358e+00
8.870790863037e+01 1.184819579124e+00
8.870400238037e+01 1.184128165245e+00
8.870009613037e+01 1.182425379753e+00
8.869618988037e+01 1.182912588120e+00
8.869228363037e+01 1.183381319046e+00
8.868837738037e+01 1.185865163803e+00
8.868447113037e+01 1.191730499268e+00
8.868056488037e+01 1.192181468010e+00
8.867665863037e+01 1.192580342293e+00
8.867275238037e+01 1.194194912910e+00
8.866884613037e+01 1.195065498352e+00
8.866493988037e+01 1.197375297546e+00
8.866104125977e+01 1.197715997696e+00
8.865713500977e+01 1.196017146111e+00
8.865322875977e+01 1.195452451706e+00
8.864932250977e+01 1.197195768356e+00
8.864541625977e+01 1.198433637619e+00
8.864151000977e+01 1.196018934250e+00
8.863760375977e+01 1.194762587547e+00
8.863369750977e+01 1.195554018021e+00
8.862979125977e+01 1.195428013802e+00
8.862588500977e+01 1.199188351631e+00
8.862197875977e+01 1.198980093002e+00
8.861807250977e+01 1.198300242424e+00
8.861416625977e+01 1.198394060135e+00
8.861026000977e+01 1.199478149414e+00
8.860635375977e+01 1.197757601738e+00
8.860244750977e+01 1.197366595268e+00
8.859854125977e+01 1.199078202248e+00
8.859463500977e+01 1.197752714157e+00
8.859072875977e+01 1.197843909264e+00
8.858682250977e+01 1.198871135712e+00
8.858291625977e+01 1.198931813240e+00
8.857901000977e+01 1.197464108467e+00
8.857510375977e+01 1.197735428810e+00
8.857119750977e+01 1.196395158768e+00
8.856729125977e+01 1.194538593292e+00
8.856338500977e+01 1.196295976639e+00
8.855947875977e+01 1.197407364845e+00
8.855557250977e+01 1.197290539742e+00
8.855166625977e+01 1.199246406555e+00
8.854776000977e+01 1.198410511017e+00
8.854385375977e+01 1.197990536690e+00
8.853994750977e+01 1.197980642319e+00
8.853604125977e+01 1.197950363159e+00
8.853213500977e+01 1.197120189667e+00
8.852822875977e+01 1.198059797287e+00
8.852432250977e+01 1.198812723160e+00
8.852041625977e+01 1.197926878929e+00
8.851651000977e+01 1.197537064552e+00
8.851260375977e+01 1.197016596794e+00
8.850869750977e+01 1.196939110756e+00
8.850479888916e+01 1.197276473045e+00
8.850089263916e+01 1.197427988052e+00
8.849698638916e+01 1.198631763458e+00
8.849308013916e+01 1.199515342712e+00
8.848917388916e+01 1.198078036308e+00
8.848526763916e+01 1.198166370392e+00
8.848136138916e+01 1.196139931679e+00
8.847745513916e+01 1.197391867638e+00
8.847354888916e+01 1.197027325630e+00
8.846964263916e+01 1.196868896484e+00
8.846573638916e+01 1.197051644325e+00
8.846183013916e+01 1.197210788727e+00
8.845792388916e+01 1.199520230293e+00
8.845401763916e+01 1.198981761932e+00
8.845011138916e+01 1.197548031807e+00
8.844620513916e+01 1.196876764297e+00
8.844229888916e+01 1.196673154831e+00
8.843839263916e+01 1.195505738258e+00
8.843448638916e+01 1.196144223213e+00
8.843058013916e+01 1.198125362396e+00
8.842667388916e+01 1.198827862740e+00
8.842276763916e+01 1.197746157646e+00
8.841886138916e+01 1.198172926903e+00
8.841495513916e+01 1.195991396904e+00
8.841104888916e+01 1.195975542068e+00
8.840714263916e+01 1.195620894432e+00
8.840323638916e+01 1.198192596436e+00
8.839933013916e+01 1.197953820229e+00
8.839542388916e+01 1.197355031967e+00
8.839151763916e+01 1.199231266975e+00
8.838761138916e+01 1.198616266251e+00
8.838370513916e+01 1.198677778244e+00
8.837979888916e+01 1.198306798935e+00
8.837589263916e+01 1.197222948074e+00
8.837198638916e+01 1.195196986198e+00
8.836808013916e+01 1.194331765175e+00
8.836417388916e+01 1.195256590843e+00
8.836026763916e+01 1.198177576065e+00
8.835636138916e+01 1.199856162071e+00
8.835246276855e+01 1.199958801270e+00
8.834855651855e+01 1.197581529617e+00
8.834465026855e+01 1.198035597801e+00
8.834074401855e+01 1.195608258247e+00
8.833683776855e+01 1.196702837944e+00
8.833293151855e+01 1.196578741074e+00
8.832902526855e+01 1.197987198830e+00
8.832511901855e+01 1.198210835457e+00
8.832121276855e+01 1.199445843697e+00
8.831730651855e+01 1.199699401855e+00
8.831340026855e+01 1.198694109917e+00
8.830949401855e+01 1.196627378464e+00
8.830558776855e+01 1.196106553078e+00
8.830168151855e+01 1.195975065231e+00
8.829777526855e+01 1.197083711624e+00
8.829386901855e+01 1.197491884232e+00
8.828996276855e+01 1.197201251984e+00
8.828605651855e+01 1.199137330055e+00
8.828215026855e+01 1.197031378746e+00
8.827824401855e+01 1.196697354317e+00
8.827433776855e+01 1.195912241936e+00
8.827043151855e+01 1.195375442505e+00
8.826652526855e+01 1.196348071098e+00
8.826261901855e+01 1.196222662926e+00
8.825871276855e+01 1.196998238564e+00
8.825480651855e+01 1.197661399841e+00
8.825090026855e+01 1.196371674538e+00
8.824699401855e+01 1.194838404655e+00
8.824308776855e+01 1.194045543671e+00
8.823918151855e+01 1.193771719933e+00
8.823527526855e+01 1.192656993866e+00
8.823136901855e+01 1.189935326576e+00
8.822746276855e+01 1.188864231110e+00
8.822355651855e+01 1.187175512314e+00
8.821965026855e+01 1.189963340759e+00
8.821574401855e+01 1.190956950188e+00
8.821183776855e+01 1.190749883652e+00
8.820793151855e+01 1.188355803490e+00
8.820402526855e+01 1.185892343521e+00
8.820012664795e+01 1.184443593025e+00
8.819622039795e+01 1.184281468391e+00
8.819231414795e+01 1.186503887177e+00
8.818840789795e+01 1.183560490608e+00
8.818450164795e+01 1.185104250908e+00
8.818059539795e+01 1.184994935989e+00
8.817668914795e+01 1.182704210281e+00
8.817278289795e+01 1.180827140808e+00
8.816887664795e+01 1.177377581596e+00
8.816497039795e+01 1.169167160988e+00
8.816106414795e+01 1.171663403511e+00
8.815715789795e+01 1.174962282181e+00
8.815325164795e+01 1.177434682846e+00
8.814934539795e+01 1.174012064934e+00
8.814543914795e+01 1.170071125031e+00
8.814153289795e+01 1.166084766388e+00
8.813762664795e+01 1.166186213493e+00
8.813372039795e+01 1.174443006516e+00
8.812981414795e+01 1.183152198792e+00
8.812590789795e+01 1.191554069519e+00
8.812200164795e+01 1.195176124573e+00
8.811809539795e+01 1.197532892227e+00
8.811418914795e+01 1.198644757271e+00
8.811028289795e+01 1.197125196457e+00
8.810637664795e+01 1.196914434433e+00
8.810247039795e+01 1.195760488510e+00
8.809856414795e+01 1.196689248085e+00
8.809465789795e+01 1.197559952736e+00
8.809075164795e+01 1.198442935944e+00
8.808684539795e+01 1.197754740715e+00
8.808293914795e+01 1.197023749352e+00
8.807903289795e+01 1.197053551674e+00
8.807512664795e+01 1.196277260780e+00
8.807122039795e+01 1.198132991791e+00
8.806731414795e+01 1.197802662849e+00
8.806340789795e+01 1.197544336319e+00
8.805950164795e+01 1.197298288345e+00
8.805559539795e+01 1.198239803314e+00
8.805168914795e+01 1.197622537613e+00
8.804779052734e+01 1.198039650917e+00
8.804388427734e+01 1.197039127350e+00
8.803997802734e+01 1.196721911430e+00
8.803607177734e+01 1.195210576057e+00
8.803216552734e+01 1.196322441101e+00
8.802825927734e+01 1.195648550987e+00
8.802435302734e+01 1.197769284248e+00
8.802044677734e+01 1.198224782944e+00
8.801654052734e+01 1.198070049286e+00
8.801263427734e+01 1.197602868080e+00
8.800872802734e+01 1.196569681168e+00
8.800482177734e+01 1.196322798729e+00
8.800091552734e+01 1.195987105370e+00
8.799700927734e+01 1.198373556137e+00
8.799310302734e+01 1.198361873627e+00
8.798919677734e+01 1.197863101959e+00
8.798529052734e+01 1.197989702225e+00
8.798138427734e+01 1.198851704597e+00
8.797747802734e+01 1.198964357376e+00
8.797357177734e+01 1.198251843452e+00
8.796966552734e+01 1.197361350060e+00
8.796575927734e+01 1.196609258652e+00
8.796185302734e+01 1.197689414024e+00
8.795794677734e+01 1.196113944054e+00
8.795404052734e+01 1.196682095528e+00
8.795013427734e+01 1.196976304054e+00
8.794622802734e+01 1.197750329971e+00
8.794232177734e+01 1.197135329247e+00
8.793841552734e+01 1.195120811462e+00
8.793450927734e+01 1.197134375572e+00
8.793060302734e+01 1.197314023972e+00
8.792669677734e+01 1.198998451233e+00
8.792279052734e+01 1.199089884758e+00
8.791888427734e+01 1.198976397514e+00
8.791497802734e+01 1.197350502014e+00
8.791107177734e+01 1.197434067726e+00
8.790716552734e+01 1.196392178535e+00
8.790325927734e+01 1.198271393776e+00
8.789935302734e+01 1.198632359505e+00
8.789545440674e+01 1.199873447418e+00
8.789154815674e+01 1.197696924210e+00
8.788764190674e+01 1.197718381882e+00
8.788373565674e+01 1.198629379272e+00
8.787982940674e+01 1.196624517441e+00
8.787592315674e+01 1.196281433105e+00
8.787201690674e+01 1.195738196373e+00
8.786811065674e+01 1.196853041649e+00
8.786420440674e+01 1.197601675987e+00
8.786029815674e+01 1.198871493340e+00
8.785639190674e+01 1.199948430061e+00
8.785248565674e+01 1.199780821800e+00
8.784857940674e+01 1.197430610657e+00
8.784467315674e+01 1.197691798210e+00
8.784076690674e+01 1.196924209595e+00
8.783686065674e+01 1.197000145912e+00
8.783295440674e+01 1.197908043861e+00
8.782904815674e+01 1.198788404465e+00
8.782514190674e+01 1.200194001198e+00
8.782123565674e+01 1.200391054153e+00
8.781732940674e+01 1.197641968727e+00
8.781342315674e+01 1.198043227196e+00
8.780951690674e+01 1.198263287544e+00
8.780561065674e+01 1.198956370354e+00
8.780170440674e+01 1.199261188507e+00
8.779779815674e+01 1.197298407555e+00
8.779389190674e+01 1.198467969894e+00
8.778998565674e+01 1.198641300201e+00
8.778607940674e+01 1.199175477028e+00
8.778217315674e+01 1.199702739716e+00
8.777826690674e+01 1.199664711952e+00
8.777436065674e+01 1.197084069252e+00
8.777045440674e+01 1.197208166122e+00
8.776654815674e+01 1.196746349335e+00
8.776264190674e+01 1.199192881584e+00
8.775873565674e+01 1.200502276421e+00
8.775482940674e+01 1.199159383774e+00
8.775092315674e+01 1.198058605194e+00
8.774701690674e+01 1.197500109673e+00
8.774311828613e+01 1.196982860565e+00
8.773921203613e+01 1.199562072754e+00
8.773530578613e+01 1.198551297188e+00
8.773139953613e+01 1.199445486069e+00
8.772749328613e+01 1.199111700058e+00
8.772358703613e+01 1.200061440468e+00
8.771968078613e+01 1.199521899223e+00
8.771577453613e+01 1.200379848480e+00
8.771186828613e+01 1.200633406639e+00
8.770796203613e+01 1.198938488960e+00
8.770405578613e+01 1.199628829956e+00
8.770014953613e+01 1.199668407440e+00
8.769624328613e+01 1.200915575027e+00
8.769233703613e+01 1.200841188431e+00
8.768843078613e+01 1.200674414635e+00
8.768452453613e+01 1.200126886368e+00
8.768061828613e+01 1.197988271713e+00
8.767671203613e+01 1.198165297508e+00
8.767280578613e+01 1.197347760201e+00
8.766889953613e+01 1.197794198990e+00
8.766499328613e+01 1.198616385460e+00
8.766108703613e+01 1.199091672897e+00
8.765718078613e+01 1.200340390205e+00
8.765327453613e+01 1.199677944183e+00
8.764936828613e+01 1.199115037918e+00
8.764546203613e+01 1.199209213257e+00
8.764155578613e+01 1.198815703392e+00
8.763764953613e+01 1.198000073433e+00
8.763374328613e+01 1.199187159538e+00
8.762983703613e+01 1.199299454689e+00
8.762593078613e+01 1.198308110237e+00
8.762202453613e+01 1.197262406349e+00
8.761811828613e+01 1.198261022568e+00
8.761421203613e+01 1.198756456375e+00
8.761030578613e+01 1.196720957756e+00
8.760639953613e+01 1.196001529694e+00
8.760249328613e+01 1.196872591972e+00
8.759858703613e+01 1.198757410049e+00
8.759468078613e+01 1.198157906532e+00
8.759078216553e+01 1.197381496429e+00
8.758687591553e+01 1.199523091316e+00
8.758296966553e+01 1.197748184204e+00
8.757906341553e+01 1.198329329491e+00
8.757515716553e+01 1.199254155159e+00
8.757125091553e+01 1.198173284531e+00
8.756734466553e+01 1.197365045547e+00
8.756343841553e+01 1.198278665543e+00
8.755953216553e+01 1.199190497398e+00
8.755562591553e+01 1.198090791702e+00
8.755171966553e+01 1.199349284172e+00
8.754781341553e+01 1.198655366898e+00
8.754390716553e+01 1.197173476219e+00
8.754000091553e+01 1.195215225220e+00
8.753609466553e+01 1.196866035461e+00
8.753218841553e+01 1.197337985039e+00
8.752828216553e+01 1.199520945549e+00
8.752437591553e+01 1.198283314705e+00
8.752046966553e+01 1.197875618935e+00
8.751656341553e+01 1.199377059937e+00
8.751265716553e+01 1.197711825371e+00
8.750875091553e+01 1.196968913078e+00
8.750484466553e+01 1.197500348091e+00
8.750093841553e+01 1.198869347572e+00
8.749703216553e+01 1.198198318481e+00
8.749312591553e+01 1.198999285698e+00
8.748921966553e+01 1.198872089386e+00
8.748531341553e+01 1.197958350182e+00
8.748140716553e+01 1.196652650833e+00
8.747750091553e+01 1.198867917061e+00
8.747359466553e+01 1.197643637657e+00
8.746968841553e+01 1.196331381798e+00
8.746578216553e+01 1.198462843895e+00
8.746187591553e+01 1.196613192558e+00
8.745796966553e+01 1.198650956154e+00
8.745406341553e+01 1.198811411858e+00
8.745015716553e+01 1.197809696198e+00
8.744625091553e+01 1.197156786919e+00
8.744234466553e+01 1.196041584015e+00
8.743843841553e+01 1.194293260574e+00
8.743453979492e+01 1.195524096489e+00
8.743063354492e+01 1.196836590767e+00
8.742672729492e+01 1.197146534920e+00
8.742282104492e+01 1.197679638863e+00
8.741891479492e+01 1.198070526123e+00
8.741500854492e+01 1.197592735291e+00
8.741110229492e+01 1.197695136070e+00
8.740719604492e+01 1.196346521378e+00
8.740328979492e+01 1.195697426796e+00
8.739938354492e+01 1.197071313858e+00
8.739547729492e+01 1.196527004242e+00
8.739157104492e+01 1.196343779564e+00
8.738766479492e+01 1.196764945984e+00
8.738375854492e+01 1.197916269302e+00
8.737985229492e+01 1.198077201843e+00
8.737594604492e+01 1.197954773903e+00
8.737203979492e+01 1.197708487511e+00
8.736813354492e+01 1.198313832283e+00
8.736422729492e+01 1.199158310890e+00
8.736032104492e+01 1.199206829071e+00
8.735641479492e+01 1.200614333153e+00
8.735250854492e+01 1.199194788933e+00
8.734860229492e+01 1.197596907616e+00
8.734469604492e+01 1.196302175522e+00
8.734078979492e+01 1.195677280426e+00
8.733688354492e+01 1.196649432182e+00
8.733297729492e+01 1.196845650673e+00
8.732907104492e+01 1.196570992470e+00
8.732516479492e+01 1.196629285812e+00
8.732125854492e+01 1.196466088295e+00
8.731735229492e+01 1.197443962097e+00
8.731344604492e+01 1.196315169334e+00
8.730953979492e+01 1.196296334267e+00
8.730563354492e+01 1.195804357529e+00
8.730172729492e+01 1.196000814438e+00
8.729782104492e+01 1.198626756668e+00
8.729391479492e+01 1.198814749718e+00
8.729000854492e+01 1.199093818665e+00
8.728610229492e+01 1.197620987892e+00
8.728220367432e+01 1.197554230690e+00
8.727829742432e+01 1.198854684830e+00
8.727439117432e+01 1.197818398476e+00
8.727048492432e+01 1.196927189827e+00
8.726657867432e+01 1.198285222054e+00
8.726267242432e+01 1.198156595230e+00
8.725876617432e+01 1.199239134789e+00
8.725485992432e+01 1.196715235710e+00
8.725095367432e+01 1.196394681931e+00
8.724704742432e+01 1.197740793228e+00
8.724314117432e+01 1.196286916733e+00
8.723923492432e+01 1.197449684143e+00
8.723532867432e+01 1.196079850197e+00
8.723142242432e+01 1.196698904037e+00
8.722751617432e+01 1.196956872940e+00
8.722360992432e+01 1.197178006172e+00
8.721970367432e+01 1.199105501175e+00
8.721579742432e+01 1.198071360588e+00
8.721189117432e+01 1.198716402054e+00
8.720798492432e+01 1.197828888893e+00
8.720407867432e+01 1.198334336281e+00
8.720017242432e+01 1.197897076607e+00
8.719626617432e+01 1.196808099747e+00
8.719235992432e+01 1.198819279671e+00
8.718845367432e+01 1.200278162956e+00
8.718454742432e+01 1.200278401375e+00
8.718064117432e+01 1.198232650757e+00
8.717673492432e+01 1.197288393974e+00
8.717282867432e+01 1.197179675102e+00
8.716892242432e+01 1.198188543320e+00
8.716501617432e+01 1.199680328369e+00
8.716110992432e+01 1.199510455132e+00
8.715720367432e+01 1.198376178741e+00
8.715329742432e+01 1.198869824409e+00
8.714939117432e+01 1.198503375053e+00
8.714548492432e+01 1.197029829025e+00
8.714157867432e+01 1.197102785110e+00
8.713767242432e+01 1.195884227753e+00
8.713376617432e+01 1.197701454163e+00
8.712986755371e+01 1.196597337723e+00
8.712596130371e+01 1.197610974312e+00
8.712205505371e+01 1.197197079659e+00
8.711814880371e+01 1.197704792023e+00
8.711424255371e+01 1.196718096733e+00
8.711033630371e+01 1.197156310081e+00
8.710643005371e+01 1.197172403336e+00
8.710252380371e+01 1.196493744850e+00
8.709861755371e+01 1.195787072182e+00
8.709471130371e+01 1.196379661560e+00
8.709080505371e+01 1.197469115257e+00
8.708689880371e+01 1.198217153549e+00
8.708299255371e+01 1.197385191917e+00
8.707908630371e+01 1.197887420654e+00
8.707518005371e+01 1.196339845657e+00
8.707127380371e+01 1.197420120239e+00
8.706736755371e+01 1.196407556534e+00
8.706346130371e+01 1.196574687958e+00
8.705955505371e+01 1.196891307831e+00
8.705564880371e+01 1.196945428848e+00
8.705174255371e+01 1.197847008705e+00
8.704783630371e+01 1.197822213173e+00
8.704393005371e+01 1.196633696556e+00
8.704002380371e+01 1.196141839027e+00
8.703611755371e+01 1.196640968323e+00
8.703221130371e+01 1.196789145470e+00
8.702830505371e+01 1.197315573692e+00
8.702439880371e+01 1.198315024376e+00
8.702049255371e+01 1.197523236275e+00
8.701658630371e+01 1.197661757469e+00
8.701268005371e+01 1.197044610977e+00
8.700877380371e+01 1.195715665817e+00
8.700486755371e+01 1.195121169090e+00
8.700096130371e+01 1.197057485580e+00
8.699705505371e+01 1.198041081429e+00
8.699314880371e+01 1.197623372078e+00
8.698924255371e+01 1.197044610977e+00
8.698533630371e+01 1.196172237396e+00
8.698143005371e+01 1.196512341499e+00
8.697753143311e+01 1.196230411530e+00
8.697362518311e+01 1.196042776108e+00
8.696971893311e+01 1.198280930519e+00
8.696581268311e+01 1.196447849274e+00
8.696190643311e+01 1.196869611740e+00
8.695800018311e+01 1.198367357254e+00
8.695409393311e+01 1.198891520500e+00
8.695018768311e+01 1.197695255280e+00
8.694628143311e+01 1.197216749191e+00
8.694237518311e+01 1.198257327080e+00
8.693846893311e+01 1.197650432587e+00
8.693456268311e+01 1.199000954628e+00
#8.693065643311e+01 1.202851176262e+00
#8.692675018311e+01 1.203881978989e+00
#8.692284393311e+01 1.202959060669e+00
#8.691893768311e+01 1.191531181335e+00
