#title: Spectral profile - NGC_1052_SPW2.image-raster
#region (world): Point[[02:41:04.798, -08d15m20.752]]
#region (pixel): Point[[128, 127]]
#coordinate: world
#xLabel: frequency [GHz]
#yLabel: [Jy/beam] Mean

# NGC_1052_SPW2.image-raster
#9.696043395996e+01 1.113405942917e+00
#9.696434020996e+01 1.114750862122e+00
#9.696824645996e+01 1.116720795631e+00
#9.697215270996e+01 1.119168519974e+00
9.697605895996e+01 1.121303558350e+00
9.697996520996e+01 1.124333620071e+00
9.698387145996e+01 1.124631524086e+00
9.698777770996e+01 1.123043894768e+00
9.699168395996e+01 1.119739294052e+00
9.699559020996e+01 1.119390130043e+00
9.699949645996e+01 1.121051907539e+00
9.700340270996e+01 1.120345473289e+00
9.700730895996e+01 1.120148062706e+00
9.701121520996e+01 1.121605277061e+00
9.701512145996e+01 1.120101571083e+00
9.701902770996e+01 1.122104287148e+00
9.702293395996e+01 1.121046066284e+00
9.702684020996e+01 1.121390104294e+00
9.703074645996e+01 1.120419740677e+00
9.703465270996e+01 1.120917677879e+00
9.703855895996e+01 1.121256828308e+00
9.704246520996e+01 1.119853138924e+00
9.704637145996e+01 1.119482040405e+00
9.705027770996e+01 1.119477629662e+00
9.705418395996e+01 1.121005296707e+00
9.705809020996e+01 1.119468688965e+00
9.706199645996e+01 1.120565414429e+00
9.706590270996e+01 1.119160175323e+00
9.706980895996e+01 1.120967984200e+00
9.707371520996e+01 1.120918393135e+00
9.707761383057e+01 1.120002150536e+00
9.708152008057e+01 1.119778156281e+00
9.708542633057e+01 1.120530128479e+00
9.708933258057e+01 1.119893193245e+00
9.709323883057e+01 1.119085311890e+00
9.709714508057e+01 1.120370507240e+00
9.710105133057e+01 1.120190024376e+00
9.710495758057e+01 1.120875835419e+00
9.710886383057e+01 1.120935201645e+00
9.711277008057e+01 1.120421528816e+00
9.711667633057e+01 1.120649456978e+00
9.712058258057e+01 1.119349837303e+00
9.712448883057e+01 1.119706034660e+00
9.712839508057e+01 1.118013739586e+00
9.713230133057e+01 1.118674278259e+00
9.713620758057e+01 1.118283510208e+00
9.714011383057e+01 1.120270371437e+00
9.714402008057e+01 1.120133280754e+00
9.714792633057e+01 1.120651960373e+00
9.715183258057e+01 1.119383573532e+00
9.715573883057e+01 1.121523022652e+00
9.715964508057e+01 1.121075630188e+00
9.716355133057e+01 1.119539618492e+00
9.716745758057e+01 1.119651079178e+00
9.717136383057e+01 1.117355823517e+00
9.717527008057e+01 1.118655562401e+00
9.717917633057e+01 1.119931817055e+00
9.718308258057e+01 1.118627548218e+00
9.718698883057e+01 1.119744896889e+00
9.719089508057e+01 1.117130041122e+00
9.719480133057e+01 1.120020508766e+00
9.719870758057e+01 1.118617653847e+00
9.720261383057e+01 1.120368123055e+00
9.720652008057e+01 1.120288848877e+00
9.721042633057e+01 1.120545744896e+00
9.721433258057e+01 1.121141552925e+00
9.721823883057e+01 1.118559837341e+00
9.722214508057e+01 1.121176242828e+00
9.722605133057e+01 1.118292212486e+00
9.722995758057e+01 1.120464563370e+00
9.723385620117e+01 1.120723247528e+00
9.723776245117e+01 1.119322419167e+00
9.724166870117e+01 1.120354413986e+00
9.724557495117e+01 1.119566321373e+00
9.724948120117e+01 1.118978023529e+00
9.725338745117e+01 1.120467305183e+00
9.725729370117e+01 1.122012734413e+00
9.726119995117e+01 1.122161746025e+00
9.726510620117e+01 1.121632695198e+00
9.726901245117e+01 1.121062397957e+00
9.727291870117e+01 1.118116736412e+00
9.727682495117e+01 1.120348811150e+00
9.728073120117e+01 1.120127558708e+00
9.728463745117e+01 1.118663549423e+00
9.728854370117e+01 1.118752837181e+00
9.729244995117e+01 1.119588732719e+00
9.729635620117e+01 1.120039463043e+00
9.730026245117e+01 1.119275450706e+00
9.730416870117e+01 1.121337413788e+00
9.730807495117e+01 1.120154738426e+00
9.731198120117e+01 1.119898796082e+00
9.731588745117e+01 1.119894504547e+00
9.731979370117e+01 1.119676113129e+00
9.732369995117e+01 1.120812058449e+00
9.732760620117e+01 1.118930339813e+00
9.733151245117e+01 1.121653914452e+00
9.733541870117e+01 1.119858145714e+00
9.733932495117e+01 1.121168851852e+00
9.734323120117e+01 1.120962619781e+00
9.734713745117e+01 1.120223641396e+00
9.735104370117e+01 1.119284868240e+00
9.735494995117e+01 1.121394038200e+00
9.735885620117e+01 1.119410037994e+00
9.736276245117e+01 1.120198965073e+00
9.736666870117e+01 1.120581269264e+00
9.737057495117e+01 1.118994355202e+00
9.737448120117e+01 1.116629481316e+00
9.737838745117e+01 1.118805527687e+00
9.738229370117e+01 1.120575785637e+00
9.738619232178e+01 1.118730664253e+00
9.739009857178e+01 1.119832634926e+00
9.739400482178e+01 1.121096491814e+00
9.739791107178e+01 1.118466973305e+00
9.740181732178e+01 1.119621753693e+00
9.740572357178e+01 1.120429277420e+00
9.740962982178e+01 1.119056582451e+00
9.741353607178e+01 1.120739340782e+00
9.741744232178e+01 1.120759010315e+00
9.742134857178e+01 1.121124744415e+00
9.742525482178e+01 1.120597839355e+00
9.742916107178e+01 1.118305444717e+00
9.743306732178e+01 1.118654370308e+00
9.743697357178e+01 1.117082118988e+00
9.744087982178e+01 1.116454601288e+00
9.744478607178e+01 1.116422057152e+00
9.744869232178e+01 1.117862462997e+00
9.745259857178e+01 1.118377804756e+00
9.745650482178e+01 1.118667364120e+00
9.746041107178e+01 1.117402076721e+00
9.746431732178e+01 1.118846535683e+00
9.746822357178e+01 1.118276238441e+00
9.747212982178e+01 1.119458198547e+00
9.747603607178e+01 1.118906497955e+00
9.747994232178e+01 1.116859316826e+00
9.748384857178e+01 1.116789460182e+00
9.748775482178e+01 1.114033102989e+00
9.749166107178e+01 1.115572094917e+00
9.749556732178e+01 1.119156718254e+00
9.749947357178e+01 1.118863940239e+00
9.750337982178e+01 1.118437528610e+00
9.750728607178e+01 1.118160009384e+00
9.751119232178e+01 1.116701841354e+00
9.751509857178e+01 1.115606904030e+00
9.751900482178e+01 1.115028381348e+00
9.752291107178e+01 1.116421103477e+00
9.752681732178e+01 1.117410540581e+00
9.753072357178e+01 1.119692802429e+00
9.753462982178e+01 1.119848608971e+00
9.753852844238e+01 1.119797706604e+00
9.754243469238e+01 1.119920015335e+00
9.754634094238e+01 1.119665145874e+00
9.755024719238e+01 1.118561625481e+00
9.755415344238e+01 1.119019389153e+00
9.755805969238e+01 1.120838046074e+00
9.756196594238e+01 1.120128750801e+00
9.756587219238e+01 1.120483160019e+00
9.756977844238e+01 1.118663311005e+00
9.757368469238e+01 1.117852568626e+00
9.757759094238e+01 1.117588996887e+00
9.758149719238e+01 1.118007659912e+00
9.758540344238e+01 1.120464205742e+00
9.758930969238e+01 1.120359778404e+00
9.759321594238e+01 1.121463537216e+00
9.759712219238e+01 1.120218873024e+00
9.760102844238e+01 1.120907187462e+00
9.760493469238e+01 1.119447112083e+00
9.760884094238e+01 1.119972229004e+00
9.761274719238e+01 1.120040655136e+00
9.761665344238e+01 1.118673205376e+00
9.762055969238e+01 1.120337486267e+00
9.762446594238e+01 1.119718194008e+00
9.762837219238e+01 1.122040390968e+00
9.763227844238e+01 1.119101881981e+00
9.763618469238e+01 1.120714068413e+00
9.764009094238e+01 1.119002461433e+00
9.764399719238e+01 1.119041681290e+00
9.764790344238e+01 1.119140267372e+00
9.765180969238e+01 1.119071722031e+00
9.765571594238e+01 1.119655251503e+00
9.765962219238e+01 1.117879748344e+00
9.766352844238e+01 1.118964672089e+00
9.766743469238e+01 1.120535254478e+00
9.767134094238e+01 1.120089530945e+00
9.767524719238e+01 1.119327545166e+00
9.767915344238e+01 1.119749665260e+00
9.768305969238e+01 1.119408845901e+00
9.768696594238e+01 1.119073510170e+00
9.769086456299e+01 1.119690656662e+00
9.769477081299e+01 1.120783925056e+00
9.769867706299e+01 1.120543837547e+00
9.770258331299e+01 1.120068073273e+00
9.770648956299e+01 1.120741128922e+00
9.771039581299e+01 1.118729114532e+00
9.771430206299e+01 1.120163559914e+00
9.771820831299e+01 1.118845462799e+00
9.772211456299e+01 1.119291424751e+00
9.772602081299e+01 1.119128465652e+00
9.772992706299e+01 1.118893742561e+00
9.773383331299e+01 1.119540810585e+00
9.773773956299e+01 1.120226144791e+00
9.774164581299e+01 1.119048357010e+00
9.774555206299e+01 1.118162631989e+00
9.774945831299e+01 1.118211984634e+00
9.775336456299e+01 1.117954373360e+00
9.775727081299e+01 1.119229674339e+00
9.776117706299e+01 1.120111584663e+00
9.776508331299e+01 1.119624257088e+00
9.776898956299e+01 1.117975234985e+00
9.777289581299e+01 1.116312503815e+00
9.777680206299e+01 1.116918444633e+00
9.778070831299e+01 1.119186758995e+00
9.778461456299e+01 1.119853138924e+00
9.778852081299e+01 1.121535658836e+00
9.779242706299e+01 1.120412349701e+00
9.779633331299e+01 1.117699742317e+00
9.780023956299e+01 1.118442893028e+00
9.780414581299e+01 1.116784334183e+00
9.780805206299e+01 1.117973685265e+00
9.781195831299e+01 1.115988135338e+00
9.781586456299e+01 1.118385672569e+00
9.781977081299e+01 1.117895960808e+00
9.782367706299e+01 1.117939352989e+00
9.782758331299e+01 1.118622422218e+00
9.783148956299e+01 1.119917035103e+00
9.783539581299e+01 1.120198488235e+00
9.783930206299e+01 1.116878390312e+00
9.784320068359e+01 1.118687510490e+00
9.784710693359e+01 1.118286609650e+00
9.785101318359e+01 1.119283676147e+00
9.785491943359e+01 1.118196368217e+00
9.785882568359e+01 1.119165539742e+00
9.786273193359e+01 1.121292710304e+00
9.786663818359e+01 1.119903087616e+00
9.787054443359e+01 1.120122313499e+00
9.787445068359e+01 1.119702816010e+00
9.787835693359e+01 1.119522809982e+00
9.788226318359e+01 1.120604276657e+00
9.788616943359e+01 1.118847370148e+00
9.789007568359e+01 1.118748188019e+00
9.789398193359e+01 1.118004918098e+00
9.789788818359e+01 1.118878483772e+00
9.790179443359e+01 1.116706967354e+00
9.790570068359e+01 1.120389461517e+00
9.790960693359e+01 1.118683934212e+00
9.791351318359e+01 1.119396686554e+00
9.791741943359e+01 1.119238495827e+00
9.792132568359e+01 1.120024561882e+00
9.792523193359e+01 1.119668245316e+00
9.792913818359e+01 1.118789792061e+00
9.793304443359e+01 1.121607422829e+00
9.793695068359e+01 1.120054244995e+00
9.794085693359e+01 1.120331287384e+00
9.794476318359e+01 1.121726036072e+00
9.794866943359e+01 1.120799303055e+00
9.795257568359e+01 1.120859742165e+00
9.795648193359e+01 1.119889855385e+00
9.796038818359e+01 1.120478868484e+00
9.796429443359e+01 1.119753718376e+00
9.796820068359e+01 1.119813561440e+00
9.797210693359e+01 1.118418216705e+00
9.797601318359e+01 1.118049263954e+00
9.797991943359e+01 1.119376063347e+00
9.798382568359e+01 1.118977069855e+00
9.798773193359e+01 1.119130611420e+00
9.799163818359e+01 1.121645092964e+00
9.799553680420e+01 1.120930433273e+00
9.799944305420e+01 1.120943903923e+00
9.800334930420e+01 1.119555711746e+00
9.800725555420e+01 1.120558619499e+00
9.801116180420e+01 1.118236422539e+00
9.801506805420e+01 1.119326353073e+00
9.801897430420e+01 1.120117425919e+00
9.802288055420e+01 1.120336055756e+00
9.802678680420e+01 1.119752287865e+00
9.803069305420e+01 1.119588613510e+00
9.803459930420e+01 1.119460821152e+00
9.803850555420e+01 1.118761181831e+00
9.804241180420e+01 1.118663311005e+00
9.804631805420e+01 1.118795275688e+00
9.805022430420e+01 1.119053363800e+00
9.805413055420e+01 1.120186924934e+00
9.805803680420e+01 1.118911027908e+00
9.806194305420e+01 1.118799805641e+00
9.806584930420e+01 1.119452476501e+00
9.806975555420e+01 1.118131518364e+00
9.807366180420e+01 1.116101145744e+00
9.807756805420e+01 1.117731809616e+00
9.808147430420e+01 1.116666674614e+00
9.808538055420e+01 1.117027878761e+00
9.808928680420e+01 1.116984248161e+00
9.809319305420e+01 1.118248581886e+00
9.809709930420e+01 1.120018362999e+00
9.810100555420e+01 1.120275139809e+00
9.810491180420e+01 1.117406964302e+00
9.810881805420e+01 1.119024872780e+00
9.811272430420e+01 1.119747161865e+00
9.811663055420e+01 1.116890668869e+00
9.812053680420e+01 1.117566943169e+00
9.812444305420e+01 1.117873787880e+00
9.812834930420e+01 1.117198586464e+00
9.813225555420e+01 1.117806792259e+00
9.813616180420e+01 1.117961168289e+00
9.814006805420e+01 1.118010520935e+00
9.814397430420e+01 1.117672204971e+00
9.814788055420e+01 1.116409897804e+00
9.815177917480e+01 1.116711735725e+00
9.815568542480e+01 1.119350552559e+00
9.815959167480e+01 1.117869615555e+00
9.816349792480e+01 1.119225025177e+00
9.816740417480e+01 1.120363593102e+00
9.817131042480e+01 1.119234085083e+00
9.817521667480e+01 1.119001626968e+00
9.817912292480e+01 1.117164611816e+00
9.818302917480e+01 1.117546796799e+00
9.818693542480e+01 1.118488311768e+00
9.819084167480e+01 1.119173049927e+00
9.819474792480e+01 1.119493603706e+00
9.819865417480e+01 1.119600415230e+00
9.820256042480e+01 1.118303537369e+00
9.820646667480e+01 1.119055151939e+00
9.821037292480e+01 1.118845343590e+00
9.821427917480e+01 1.117299318314e+00
9.821818542480e+01 1.118342518806e+00
9.822209167480e+01 1.118485450745e+00
9.822599792480e+01 1.119662404060e+00
9.822990417480e+01 1.118756532669e+00
9.823381042480e+01 1.119989991188e+00
9.823771667480e+01 1.118747591972e+00
9.824162292480e+01 1.118528008461e+00
9.824552917480e+01 1.118695020676e+00
9.824943542480e+01 1.118815898895e+00
9.825334167480e+01 1.119235754013e+00
9.825724792480e+01 1.118264913559e+00
9.826115417480e+01 1.119351029396e+00
9.826506042480e+01 1.119161844254e+00
9.826896667480e+01 1.119103431702e+00
9.827287292480e+01 1.118385553360e+00
9.827677917480e+01 1.119214534760e+00
9.828068542480e+01 1.117852807045e+00
9.828459167480e+01 1.117447853088e+00
9.828849792480e+01 1.118756413460e+00
9.829240417480e+01 1.120512485504e+00
9.829631042480e+01 1.119365811348e+00
9.830021667480e+01 1.117841601372e+00
9.830411529541e+01 1.118923544884e+00
9.830802154541e+01 1.118500709534e+00
9.831192779541e+01 1.117505669594e+00
9.831583404541e+01 1.117312788963e+00
9.831974029541e+01 1.118652105331e+00
9.832364654541e+01 1.119093894958e+00
9.832755279541e+01 1.117451429367e+00
9.833145904541e+01 1.116624593735e+00
9.833536529541e+01 1.117643356323e+00
9.833927154541e+01 1.117015242577e+00
9.834317779541e+01 1.115571856499e+00
9.834708404541e+01 1.116659998894e+00
9.835099029541e+01 1.116170167923e+00
9.835489654541e+01 1.118531823158e+00
9.835880279541e+01 1.117755770683e+00
9.836270904541e+01 1.117943286896e+00
9.836661529541e+01 1.119037508965e+00
9.837052154541e+01 1.118009448051e+00
9.837442779541e+01 1.117867469788e+00
9.837833404541e+01 1.120003342628e+00
9.838224029541e+01 1.118083238602e+00
9.838614654541e+01 1.118927001953e+00
9.839005279541e+01 1.120304703712e+00
9.839395904541e+01 1.120099306107e+00
9.839786529541e+01 1.118940234184e+00
9.840177154541e+01 1.118392109871e+00
9.840567779541e+01 1.117966413498e+00
9.840958404541e+01 1.116068959236e+00
9.841349029541e+01 1.115410089493e+00
9.841739654541e+01 1.116338014603e+00
9.842130279541e+01 1.116475701332e+00
9.842520904541e+01 1.115078926086e+00
9.842911529541e+01 1.116026043892e+00
9.843302154541e+01 1.117774486542e+00
9.843692779541e+01 1.116922497749e+00
9.844083404541e+01 1.118873834610e+00
9.844474029541e+01 1.117659807205e+00
9.844864654541e+01 1.116949439049e+00
9.845255279541e+01 1.117640733719e+00
9.845645141602e+01 1.116245508194e+00
9.846035766602e+01 1.117100358009e+00
9.846426391602e+01 1.116749644279e+00
9.846817016602e+01 1.116277813911e+00
9.847207641602e+01 1.117124438286e+00
9.847598266602e+01 1.116329669952e+00
9.847988891602e+01 1.115322947502e+00
9.848379516602e+01 1.117063522339e+00
9.848770141602e+01 1.114929795265e+00
9.849160766602e+01 1.116837382317e+00
9.849551391602e+01 1.118795394897e+00
9.849942016602e+01 1.118764400482e+00
9.850332641602e+01 1.116631031036e+00
9.850723266602e+01 1.117739558220e+00
9.851113891602e+01 1.116581916809e+00
9.851504516602e+01 1.116454720497e+00
9.851895141602e+01 1.117034316063e+00
9.852285766602e+01 1.116595149040e+00
9.852676391602e+01 1.117975711823e+00
9.853067016602e+01 1.117090582848e+00
9.853457641602e+01 1.115591645241e+00
9.853848266602e+01 1.118024349213e+00
9.854238891602e+01 1.115555405617e+00
9.854629516602e+01 1.116529345512e+00
9.855020141602e+01 1.116721034050e+00
9.855410766602e+01 1.117944478989e+00
9.855801391602e+01 1.119143843651e+00
9.856192016602e+01 1.118843317032e+00
9.856582641602e+01 1.118569612503e+00
9.856973266602e+01 1.115919589996e+00
9.857363891602e+01 1.116003155708e+00
9.857754516602e+01 1.116104841232e+00
9.858145141602e+01 1.117075800896e+00
9.858535766602e+01 1.116724610329e+00
9.858926391602e+01 1.116494297981e+00
9.859317016602e+01 1.117051839828e+00
9.859707641602e+01 1.115924954414e+00
9.860098266602e+01 1.116955041885e+00
9.860488891602e+01 1.117683291435e+00
9.860878753662e+01 1.116910338402e+00
9.861269378662e+01 1.116244196892e+00
9.861660003662e+01 1.117557406425e+00
9.862050628662e+01 1.115940570831e+00
9.862441253662e+01 1.116063833237e+00
9.862831878662e+01 1.114292025566e+00
9.863222503662e+01 1.117063403130e+00
9.863613128662e+01 1.116668939590e+00
9.864003753662e+01 1.116734385490e+00
9.864394378662e+01 1.116587638855e+00
9.864785003662e+01 1.115972518921e+00
9.865175628662e+01 1.118062615395e+00
9.865566253662e+01 1.118584871292e+00
9.865956878662e+01 1.117491841316e+00
9.866347503662e+01 1.119117736816e+00
9.866738128662e+01 1.118328571320e+00
9.867128753662e+01 1.118710517883e+00
9.867519378662e+01 1.117420434952e+00
9.867910003662e+01 1.115399360657e+00
9.868300628662e+01 1.117141366005e+00
9.868691253662e+01 1.117893099785e+00
9.869081878662e+01 1.117498040199e+00
9.869472503662e+01 1.117895841599e+00
9.869863128662e+01 1.116828918457e+00
9.870253753662e+01 1.115440845490e+00
9.870644378662e+01 1.116105079651e+00
9.871035003662e+01 1.115630030632e+00
9.871425628662e+01 1.116632103920e+00
9.871816253662e+01 1.117513775826e+00
9.872206878662e+01 1.117994546890e+00
9.872597503662e+01 1.117569208145e+00
9.872988128662e+01 1.118112564087e+00
9.873378753662e+01 1.115710139275e+00
9.873769378662e+01 1.112887978554e+00
#9.874160003662e+01 1.107960104942e+00
#9.874550628662e+01 1.102118611336e+00
#9.874941253662e+01 1.099024415016e+00
#9.875331878662e+01 1.103413820267e+00
#9.875722503662e+01 1.103165388107e+00
#9.876112365723e+01 1.105396032333e+00
#9.876502990723e+01 1.107568144798e+00
#9.876893615723e+01 1.107649445534e+00
#9.877284240723e+01 1.105210900307e+00
#9.877674865723e+01 1.105356097221e+00
#9.878065490723e+01 1.110265016556e+00
#9.878456115723e+01 1.113062858582e+00
#9.878846740723e+01 1.115040063858e+00
#9.879237365723e+01 1.115041851997e+00
#9.879627990723e+01 1.114113926888e+00
#9.880018615723e+01 1.112820267677e+00
#9.880409240723e+01 1.113590121269e+00
#9.880799865723e+01 1.113241672516e+00
#9.881190490723e+01 1.116290092468e+00
#9.881581115723e+01 1.116814970970e+00
#9.881971740723e+01 1.115723848343e+00
#9.882362365723e+01 1.107624888420e+00
