#title: Spectral profile - NGC_1052_SPW3.image-raster
#region (world): Point[[02:41:04.798, -08d15m20.752]]
#region (pixel): Point[[127, 127]]
#coordinate: world
#xLabel: radio velocity [km/s]
#yLabel: [Jy/beam] Mean

# NGC_1052_SPW3.image-raster
2.157165283203e+03 1.105789542198e+00
2.145372558594e+03 1.105883955956e+00
2.133580078125e+03 1.108609557152e+00
2.121787353516e+03 1.108095169067e+00
2.109994873047e+03 1.109159469604e+00
2.098202148438e+03 1.110416769981e+00
2.086409423828e+03 1.108457207680e+00
2.074616943359e+03 1.107921957970e+00
2.062824218750e+03 1.107345104218e+00
2.051031738281e+03 1.106828212738e+00
2.039239013672e+03 1.107758760452e+00
2.027446411133e+03 1.107377052307e+00
2.015653808594e+03 1.108073115349e+00
2.003861206055e+03 1.106257677078e+00
1.992068603516e+03 1.106474399567e+00
1.980276000977e+03 1.107063651085e+00
1.968483276367e+03 1.106803417206e+00
1.956690673828e+03 1.108202934265e+00
1.944898071289e+03 1.110004425049e+00
1.933105468750e+03 1.109106183052e+00
1.921312866211e+03 1.108713746071e+00
1.909520263672e+03 1.108410120010e+00
1.897727539062e+03 1.108660697937e+00
1.885934936523e+03 1.107600450516e+00
1.874142333984e+03 1.105958223343e+00
1.862349731445e+03 1.107597231865e+00
1.850557128906e+03 1.108359336853e+00
1.838764526367e+03 1.107519149780e+00
1.826971801758e+03 1.108550190926e+00
1.815179199219e+03 1.106548309326e+00
1.803386596680e+03 1.106574773788e+00
1.791593994141e+03 1.107954621315e+00
1.779801391602e+03 1.106586337090e+00
1.768008789062e+03 1.106818318367e+00
1.756216064453e+03 1.108015298843e+00
1.744423461914e+03 1.108494281769e+00
1.732630859375e+03 1.108860254288e+00
1.720838256836e+03 1.108799338341e+00
1.709045654297e+03 1.108317971230e+00
1.697253051758e+03 1.104203581810e+00
1.685460327148e+03 1.099027991295e+00
1.673667724609e+03 1.093678116798e+00
1.661875122070e+03 1.090937972069e+00
1.650082519531e+03 1.092940688133e+00
1.638289916992e+03 1.093501925468e+00
1.626497314453e+03 1.095327496529e+00
1.614704589844e+03 1.097142696381e+00
1.602911987305e+03 1.098538756371e+00
1.591119384766e+03 1.096137523651e+00
1.579326782227e+03 1.095283031464e+00
1.567534179688e+03 1.098633050919e+00
1.555741577148e+03 1.101784706116e+00
1.543948852539e+03 1.103499054909e+00
1.532156250000e+03 1.104780077934e+00
1.520363647461e+03 1.102918744087e+00
1.508571044922e+03 1.101860046387e+00
1.496778442383e+03 1.103072285652e+00
1.484985839844e+03 1.102112531662e+00
1.473193237305e+03 1.103560805321e+00
1.461400512695e+03 1.103997230530e+00
1.449607910156e+03 1.104048848152e+00
1.437815307617e+03 1.103916525841e+00
1.426022705078e+03 1.105668187141e+00
1.414230102539e+03 1.105556011200e+00
1.402437500000e+03 1.105982899666e+00
1.390644775391e+03 1.103735446930e+00
1.378852172852e+03 1.101928710938e+00
1.367059570312e+03 1.101660251617e+00
1.355266967773e+03 1.104514002800e+00
1.343474365234e+03 1.105837941170e+00
1.331681762695e+03 1.107245326042e+00
1.319889038086e+03 1.105790376663e+00
1.308096435547e+03 1.107711076736e+00
1.296303833008e+03 1.107146978378e+00
1.284511230469e+03 1.108597397804e+00
1.272718627930e+03 1.108950495720e+00
1.260926025391e+03 1.108316302299e+00
1.249133300781e+03 1.107994556427e+00
1.237340698242e+03 1.106897711754e+00
1.225548095703e+03 1.108688950539e+00
1.213755493164e+03 1.107221603394e+00
1.201962890625e+03 1.108109354973e+00
1.190170288086e+03 1.108469724655e+00
1.178377563477e+03 1.107956886292e+00
1.166584960938e+03 1.106676340103e+00
1.154792358398e+03 1.109039306641e+00
1.142999755859e+03 1.107724785805e+00
1.131207153320e+03 1.107315778732e+00
1.119414550781e+03 1.106783986092e+00
1.107621826172e+03 1.106342554092e+00
1.095829223633e+03 1.106672763824e+00
1.084036621094e+03 1.106667041779e+00
1.072244018555e+03 1.105690121651e+00
1.060451416016e+03 1.107209682465e+00
1.048658813477e+03 1.108660578728e+00
1.036866088867e+03 1.108283877373e+00
1.025073486328e+03 1.107070922852e+00
1.013280883789e+03 1.109062194824e+00
1.001488281250e+03 1.108426094055e+00
9.896956787109e+02 1.107118606567e+00
9.779030151367e+02 1.109913945198e+00
9.661104125977e+02 1.108304023743e+00
9.543178100586e+02 1.107365131378e+00
9.425251464844e+02 1.109408140182e+00
9.307325439453e+02 1.108693480492e+00
9.189399414062e+02 1.110513210297e+00
9.071472778320e+02 1.109530925751e+00
8.953546752930e+02 1.108260154724e+00
8.835620727539e+02 1.108161926270e+00
8.717694091797e+02 1.107779622078e+00
8.599768066406e+02 1.107536911964e+00
8.481842041016e+02 1.107069849968e+00
8.363915405273e+02 1.108903050423e+00
8.245989379883e+02 1.107159376144e+00
8.128063354492e+02 1.108554720879e+00
8.010136718750e+02 1.108500957489e+00
7.892210693359e+02 1.106629371643e+00
7.774284667969e+02 1.107435584068e+00
7.656358032227e+02 1.106479763985e+00
7.538432006836e+02 1.107021093369e+00
7.420505981445e+02 1.109061837196e+00
7.302579345703e+02 1.107945322990e+00
7.184653320312e+02 1.108938455582e+00
7.066727294922e+02 1.107845544815e+00
6.948800659180e+02 1.109075188637e+00
6.830874633789e+02 1.107225775719e+00
6.712948608398e+02 1.109275221825e+00
6.595022583008e+02 1.107818484306e+00
6.477095947266e+02 1.107850313187e+00
6.359169921875e+02 1.106859445572e+00
6.241243896484e+02 1.107908844948e+00
6.123317260742e+02 1.107812881470e+00
6.005391235352e+02 1.108824372292e+00
5.887465209961e+02 1.108235120773e+00
5.769538574219e+02 1.106775403023e+00
5.651612548828e+02 1.107514142990e+00
5.533686523438e+02 1.108219027519e+00
5.415759887695e+02 1.108422160149e+00
5.297833862305e+02 1.107734918594e+00
5.179907836914e+02 1.108703732491e+00
5.061981506348e+02 1.108820080757e+00
4.944055175781e+02 1.106880068779e+00
4.826128845215e+02 1.107753157616e+00
4.708202819824e+02 1.108384013176e+00
4.590276489258e+02 1.107562184334e+00
4.472350158691e+02 1.106618165970e+00
4.354424133301e+02 1.105335235596e+00
4.236497802734e+02 1.108543276787e+00
4.118571472168e+02 1.108975529671e+00
4.000645446777e+02 1.106606602669e+00
3.882719116211e+02 1.108166456223e+00
3.764792785645e+02 1.108749389648e+00
3.646866760254e+02 1.107550263405e+00
3.528940429688e+02 1.107471227646e+00
3.411014099121e+02 1.107014536858e+00
3.293088073730e+02 1.107421875000e+00
3.175161743164e+02 1.107380270958e+00
3.057235412598e+02 1.105562806129e+00
2.939309387207e+02 1.107149124146e+00
2.821383056641e+02 1.106823563576e+00
2.703456726074e+02 1.107611298561e+00
2.585530700684e+02 1.107521533966e+00
2.467604370117e+02 1.106415033340e+00
2.349678192139e+02 1.106858968735e+00
2.231752014160e+02 1.106512188911e+00
2.113825683594e+02 1.107320547104e+00
1.995899505615e+02 1.106461167336e+00
1.877973327637e+02 1.105904340744e+00
1.760047149658e+02 1.105635762215e+00
1.642120819092e+02 1.105564594269e+00
1.524194641113e+02 1.105020046234e+00
1.406268463135e+02 1.107930541039e+00
1.288342132568e+02 1.108457803726e+00
1.170415954590e+02 1.108876705170e+00
1.052489700317e+02 1.108558893204e+00
9.345635223389e+01 1.106859803200e+00
8.166372680664e+01 1.107827425003e+00
6.987110900879e+01 1.109324693680e+00
5.807848358154e+01 1.107795953751e+00
4.628586196899e+01 1.107035636902e+00
3.449323654175e+01 1.107505440712e+00
2.270061492920e+01 1.108278870583e+00
1.090799331665e+01 1.108434915543e+00
-8.846293687820e-01 1.107059478760e+00
-1.267725181580e+01 1.107657194138e+00
-2.446987342834e+01 1.108926534653e+00
-3.626249694824e+01 1.105913043022e+00
-4.805511856079e+01 1.107227444649e+00
-5.984774017334e+01 1.108838677406e+00
-7.164036560059e+01 1.107674360275e+00
-8.343298339844e+01 1.109575986862e+00
-9.522560882568e+01 1.107618570328e+00
-1.070182342529e+02 1.106016516685e+00
-1.188108520508e+02 1.106125235558e+00
-1.306034698486e+02 1.107934355736e+00
-1.423961029053e+02 1.104985594749e+00
-1.541887207031e+02 1.105470061302e+00
-1.659813385010e+02 1.107560396194e+00
-1.777739715576e+02 1.107176065445e+00
-1.895665893555e+02 1.107997059822e+00
-2.013592071533e+02 1.108116149902e+00
-2.131518402100e+02 1.107244729996e+00
-2.249444580078e+02 1.107745885849e+00
-2.367370758057e+02 1.106198549271e+00
-2.485296936035e+02 1.105238080025e+00
-2.603223266602e+02 1.105736136436e+00
-2.721149597168e+02 1.105316996574e+00
-2.839075622559e+02 1.106529116631e+00
-2.957001953125e+02 1.106899619102e+00
-3.074928283691e+02 1.106616377831e+00
-3.192854309082e+02 1.107879996300e+00
-3.310780639648e+02 1.105712532997e+00
-3.428706665039e+02 1.107718944550e+00
-3.546632995605e+02 1.108171105385e+00
-3.664559326172e+02 1.106301069260e+00
-3.782485351562e+02 1.106416940689e+00
-3.900411682129e+02 1.108237624168e+00
-4.018338012695e+02 1.108009696007e+00
-4.136264038086e+02 1.105931997299e+00
-4.254190368652e+02 1.106121063232e+00
-4.372116699219e+02 1.107830286026e+00
-4.490042724609e+02 1.107220768929e+00
-4.607969055176e+02 1.107221961021e+00
-4.725895385742e+02 1.107848882675e+00
-4.843821411133e+02 1.107727766037e+00
-4.961747741699e+02 1.106744885445e+00
-5.079674072266e+02 1.103698492050e+00
-5.197600097656e+02 1.103215694427e+00
-5.315526123047e+02 1.100247144699e+00
-5.433452758789e+02 1.101597666740e+00
-5.551378784180e+02 1.102869272232e+00
-5.669304809570e+02 1.102998018265e+00
-5.787231445312e+02 1.105557560921e+00
-5.905157470703e+02 1.106327414513e+00
-6.023083496094e+02 1.105316877365e+00
-6.141010131836e+02 1.105544447899e+00
-6.258936157227e+02 1.105906367302e+00
-6.376862182617e+02 1.103664040565e+00
-6.494788818359e+02 1.104901552200e+00
-6.612714843750e+02 1.106140732765e+00
-6.730640869141e+02 1.106601834297e+00
-6.848567504883e+02 1.107051730156e+00
-6.966493530273e+02 1.106679439545e+00
-7.084419555664e+02 1.106431841850e+00
-7.202346191406e+02 1.107475638390e+00
-7.320272216797e+02 1.105450034142e+00
-7.438198242188e+02 1.107850670815e+00
-7.556124877930e+02 1.106724143028e+00
-7.674050903320e+02 1.107634663582e+00
-7.791976928711e+02 1.106154918671e+00
-7.909903564453e+02 1.106501817703e+00
-8.027829589844e+02 1.106282114983e+00
-8.145755615234e+02 1.105250239372e+00
-8.263682250977e+02 1.105279922485e+00
-8.381608276367e+02 1.105106592178e+00
-8.499534301758e+02 1.105734467506e+00
-8.617460937500e+02 1.106590986252e+00
-8.735386962891e+02 1.107575058937e+00
-8.853312988281e+02 1.108631134033e+00
-8.971239624023e+02 1.106868863106e+00
-9.089165649414e+02 1.106204509735e+00
-9.207091674805e+02 1.106891751289e+00
-9.325018310547e+02 1.108618736267e+00
-9.442944335938e+02 1.108402013779e+00
-9.560870361328e+02 1.108505487442e+00
-9.678796997070e+02 1.110141158104e+00
-9.796723022461e+02 1.108166813850e+00
-9.914649047852e+02 1.106364607811e+00
-1.003257507324e+03 1.106303691864e+00
-1.015050170898e+03 1.105566501617e+00
-1.026842773438e+03 1.106119871140e+00
-1.038635375977e+03 1.105669617653e+00
-1.050427978516e+03 1.107567906380e+00
-1.062220703125e+03 1.108079671860e+00
-1.074013305664e+03 1.109377503395e+00
-1.085805908203e+03 1.110838770866e+00
-1.097598510742e+03 1.108613491058e+00
-1.109391113281e+03 1.110393643379e+00
-1.121183715820e+03 1.108841180801e+00
-1.132976440430e+03 1.107618927956e+00
-1.144769042969e+03 1.107518553734e+00
-1.156561645508e+03 1.107647538185e+00
-1.168354248047e+03 1.107923507690e+00
-1.180146850586e+03 1.106957912445e+00
-1.191939453125e+03 1.106731891632e+00
-1.203732177734e+03 1.107005953789e+00
-1.215524780273e+03 1.107762336731e+00
-1.227317382812e+03 1.106463074684e+00
-1.239109985352e+03 1.105823159218e+00
-1.250902587891e+03 1.105703115463e+00
-1.262695190430e+03 1.106892466545e+00
-1.274487915039e+03 1.105767369270e+00
-1.286280517578e+03 1.106970548630e+00
-1.298073120117e+03 1.106800079346e+00
-1.309865722656e+03 1.106715202332e+00
-1.321658325195e+03 1.106829762459e+00
-1.333450927734e+03 1.108628511429e+00
-1.345243530273e+03 1.105690717697e+00
-1.357036254883e+03 1.106646060944e+00
-1.368828857422e+03 1.108413338661e+00
-1.380621459961e+03 1.105033993721e+00
-1.392414062500e+03 1.104892611504e+00
-1.404206665039e+03 1.105610489845e+00
-1.415999267578e+03 1.106328606606e+00
-1.427791992188e+03 1.106875181198e+00
-1.439584594727e+03 1.106447696686e+00
-1.451377197266e+03 1.108769774437e+00
-1.463169799805e+03 1.108079433441e+00
-1.474962402344e+03 1.108583807945e+00
-1.486755004883e+03 1.107811450958e+00
-1.498547729492e+03 1.109331130981e+00
-1.510340332031e+03 1.106102347374e+00
-1.522132934570e+03 1.105606436729e+00
-1.533925537109e+03 1.105999827385e+00
-1.545718139648e+03 1.107579946518e+00
-1.557510742188e+03 1.107328176498e+00
-1.569303466797e+03 1.106863260269e+00
-1.581096069336e+03 1.107125163078e+00
-1.592888671875e+03 1.106218814850e+00
-1.604681274414e+03 1.106636285782e+00
-1.616473876953e+03 1.107503414154e+00
-1.628266479492e+03 1.108585238457e+00
-1.640059204102e+03 1.108818411827e+00
-1.651851806641e+03 1.108041524887e+00
-1.663644409180e+03 1.106605768204e+00
-1.675437011719e+03 1.108680725098e+00
-1.687229614258e+03 1.107275843620e+00
-1.699022216797e+03 1.107733845711e+00
-1.710814941406e+03 1.107541680336e+00
-1.722607543945e+03 1.108663678169e+00
-1.734400146484e+03 1.107112169266e+00
-1.746192749023e+03 1.109399676323e+00
-1.757985351562e+03 1.107478022575e+00
-1.769777954102e+03 1.107894659042e+00
-1.781570678711e+03 1.107608556747e+00
-1.793363281250e+03 1.107681632042e+00
-1.805155883789e+03 1.107735991478e+00
-1.816948486328e+03 1.107468724251e+00
-1.828741088867e+03 1.106750130653e+00
-1.840533691406e+03 1.105854392052e+00
-1.852326293945e+03 1.105880498886e+00
-1.864119018555e+03 1.107244491577e+00
-1.875911621094e+03 1.106955647469e+00
-1.887704223633e+03 1.106647133827e+00
-1.899496826172e+03 1.109454274178e+00
-1.911289428711e+03 1.107207298279e+00
-1.923082031250e+03 1.107091665268e+00
-1.934874755859e+03 1.106597185135e+00
-1.946667358398e+03 1.105103611946e+00
-1.958459960938e+03 1.106806039810e+00
-1.970252563477e+03 1.107137084007e+00
-1.982045166016e+03 1.108270645142e+00
-1.993837768555e+03 1.106943726540e+00
-2.005630493164e+03 1.105589747429e+00
-2.017423095703e+03 1.106382131577e+00
-2.029215698242e+03 1.105947256088e+00
-2.041008300781e+03 1.106494784355e+00
-2.052801025391e+03 1.108655095100e+00
-2.064593505859e+03 1.107932806015e+00
-2.076386230469e+03 1.105564713478e+00
-2.088178710938e+03 1.105109214783e+00
-2.099971435547e+03 1.104234695435e+00
-2.111764160156e+03 1.106404662132e+00
-2.123556640625e+03 1.107525944710e+00
-2.135349365234e+03 1.108430266380e+00
-2.147141845703e+03 1.107402563095e+00
-2.158934570312e+03 1.106832146645e+00
-2.170727050781e+03 1.108250617981e+00
-2.182519775391e+03 1.106316566467e+00
-2.194312500000e+03 1.108284115791e+00
-2.206104980469e+03 1.107835412025e+00
-2.217897705078e+03 1.104681253433e+00
-2.229690185547e+03 1.106787323952e+00
-2.241482910156e+03 1.105240464211e+00
-2.253275634766e+03 1.104087948799e+00
-2.265068115234e+03 1.105379343033e+00
-2.276860839844e+03 1.105481266975e+00
-2.288653320312e+03 1.106326103210e+00
-2.300446044922e+03 1.105597615242e+00
-2.312238525391e+03 1.104906082153e+00
-2.324031250000e+03 1.105132699013e+00
-2.335823974609e+03 1.106111764908e+00
-2.347616455078e+03 1.107194900513e+00
-2.359409179688e+03 1.106007933617e+00
-2.371201660156e+03 1.107571482658e+00
-2.382994384766e+03 1.107162237167e+00
-2.394786865234e+03 1.106817603111e+00
-2.406579589844e+03 1.108600854874e+00
-2.418372314453e+03 1.105005264282e+00
-2.430164794922e+03 1.107366085052e+00
-2.441957519531e+03 1.105197548866e+00
-2.453750000000e+03 1.106189250946e+00
-2.465542724609e+03 1.105118393898e+00
-2.477335449219e+03 1.106186747551e+00
-2.489127929688e+03 1.106761574745e+00
-2.500920654297e+03 1.105769157410e+00
-2.512713134766e+03 1.105805993080e+00
-2.524505859375e+03 1.102710604668e+00
-2.536298339844e+03 1.103215575218e+00
-2.548091064453e+03 1.105342149734e+00
-2.559883789062e+03 1.106105566025e+00
-2.571676269531e+03 1.104520678520e+00
-2.583468994141e+03 1.105954527855e+00
-2.595261474609e+03 1.104127049446e+00
-2.607054199219e+03 1.105088591576e+00
-2.618846923828e+03 1.104498744011e+00
-2.630639404297e+03 1.105195403099e+00
-2.642432128906e+03 1.105401277542e+00
-2.654224609375e+03 1.107269287109e+00
-2.666017333984e+03 1.107853174210e+00
-2.677809814453e+03 1.106223464012e+00
-2.689602539062e+03 1.106681823730e+00
-2.701395263672e+03 1.106553077698e+00
-2.713187744141e+03 1.105893254280e+00
-2.724980468750e+03 1.105047345161e+00
-2.736772949219e+03 1.105032205582e+00
-2.748565673828e+03 1.105388641357e+00
-2.760358398438e+03 1.106211662292e+00
-2.772150878906e+03 1.105987429619e+00
-2.783943603516e+03 1.106081128120e+00
-2.795736083984e+03 1.104957699776e+00
-2.807528808594e+03 1.106766462326e+00
-2.819321289062e+03 1.106601953506e+00
-2.831114013672e+03 1.104923129082e+00
-2.842906738281e+03 1.104896306992e+00
-2.854699218750e+03 1.105225443840e+00
-2.866491943359e+03 1.104726076126e+00
-2.878284423828e+03 1.105153560638e+00
-2.890077148438e+03 1.107761383057e+00
-2.901869873047e+03 1.106488704681e+00
-2.913662353516e+03 1.108203172684e+00
-2.925455078125e+03 1.105270028114e+00
-2.937247558594e+03 1.105508327484e+00
-2.949040283203e+03 1.106099247932e+00
-2.960832763672e+03 1.106269717216e+00
-2.972625488281e+03 1.106927037239e+00
-2.984418212891e+03 1.105916142464e+00
-2.996210693359e+03 1.105025291443e+00
-3.008003417969e+03 1.104728579521e+00
-3.019795898438e+03 1.106106996536e+00
-3.031588623047e+03 1.105250477791e+00
-3.043381103516e+03 1.103931069374e+00
-3.055173828125e+03 1.107753396034e+00
-3.066966552734e+03 1.106848955154e+00
-3.078759033203e+03 1.104935526848e+00
-3.090551757812e+03 1.106477975845e+00
-3.102344238281e+03 1.103521704674e+00
-3.114136962891e+03 1.106427669525e+00
-3.125929687500e+03 1.106175780296e+00
-3.137722167969e+03 1.106089830399e+00
-3.149514892578e+03 1.104194760323e+00
-3.161307373047e+03 1.104847788811e+00
-3.173100097656e+03 1.106075763702e+00
-3.184892578125e+03 1.105624437332e+00
-3.196685302734e+03 1.105476021767e+00
-3.208478027344e+03 1.106025695801e+00
-3.220270507812e+03 1.103885173798e+00
-3.232063232422e+03 1.103819608688e+00
-3.243855712891e+03 1.105775356293e+00
-3.255648437500e+03 1.105654358864e+00
-3.267441162109e+03 1.107601523399e+00
-3.279233642578e+03 1.107277631760e+00
-3.291026367188e+03 1.105144500732e+00
-3.302818847656e+03 1.105823040009e+00
-3.314611572266e+03 1.105324745178e+00
-3.326404052734e+03 1.104618668556e+00
-3.338196777344e+03 1.105836153030e+00
-3.349989501953e+03 1.105897188187e+00
-3.361781982422e+03 1.107284426689e+00
-3.373574707031e+03 1.106883287430e+00
-3.385367187500e+03 1.108701467514e+00
-3.397159912109e+03 1.110469579697e+00
-3.408952636719e+03 1.108192205429e+00
-3.420745117188e+03 1.108007550240e+00
-3.432537841797e+03 1.108191967010e+00
-3.444330322266e+03 1.111422777176e+00
-3.456123046875e+03 1.106675744057e+00
-3.467915527344e+03 1.102507591248e+00
