#title: Spectral profile - NGC_1052_SPW3.image-raster
#region (world): Point[[02:41:04.798, -08d15m20.752]]
#region (pixel): Point[[127, 127]]
#coordinate: world
#xLabel: frequency [GHz]
#yLabel: [Jy/beam] Mean

# NGC_1052_SPW3.image-raster
9.858535766602e+01 1.105789542198e+00
9.858926391602e+01 1.105883955956e+00
9.859317016602e+01 1.108609557152e+00
9.859707641602e+01 1.108095169067e+00
9.860098266602e+01 1.109159469604e+00
9.860488891602e+01 1.110416769981e+00
9.860878753662e+01 1.108457207680e+00
9.861269378662e+01 1.107921957970e+00
9.861660003662e+01 1.107345104218e+00
9.862050628662e+01 1.106828212738e+00
9.862441253662e+01 1.107758760452e+00
9.862831878662e+01 1.107377052307e+00
9.863222503662e+01 1.108073115349e+00
9.863613128662e+01 1.106257677078e+00
9.864003753662e+01 1.106474399567e+00
9.864394378662e+01 1.107063651085e+00
9.864785003662e+01 1.106803417206e+00
9.865175628662e+01 1.108202934265e+00
9.865566253662e+01 1.110004425049e+00
9.865956878662e+01 1.109106183052e+00
9.866347503662e+01 1.108713746071e+00
9.866738128662e+01 1.108410120010e+00
9.867128753662e+01 1.108660697937e+00
9.867519378662e+01 1.107600450516e+00
9.867910003662e+01 1.105958223343e+00
9.868300628662e+01 1.107597231865e+00
9.868691253662e+01 1.108359336853e+00
9.869081878662e+01 1.107519149780e+00
9.869472503662e+01 1.108550190926e+00
9.869863128662e+01 1.106548309326e+00
9.870253753662e+01 1.106574773788e+00
9.870644378662e+01 1.107954621315e+00
9.871035003662e+01 1.106586337090e+00
9.871425628662e+01 1.106818318367e+00
9.871816253662e+01 1.108015298843e+00
9.872206878662e+01 1.108494281769e+00
9.872597503662e+01 1.108860254288e+00
9.872988128662e+01 1.108799338341e+00
9.873378753662e+01 1.108317971230e+00
9.873769378662e+01 1.104203581810e+00
9.874160003662e+01 1.099027991295e+00
9.874550628662e+01 1.093678116798e+00
9.874941253662e+01 1.090937972069e+00
9.875331878662e+01 1.092940688133e+00
9.875722503662e+01 1.093501925468e+00
9.876112365723e+01 1.095327496529e+00
9.876502990723e+01 1.097142696381e+00
9.876893615723e+01 1.098538756371e+00
9.877284240723e+01 1.096137523651e+00
9.877674865723e+01 1.095283031464e+00
9.878065490723e+01 1.098633050919e+00
9.878456115723e+01 1.101784706116e+00
9.878846740723e+01 1.103499054909e+00
9.879237365723e+01 1.104780077934e+00
9.879627990723e+01 1.102918744087e+00
9.880018615723e+01 1.101860046387e+00
9.880409240723e+01 1.103072285652e+00
9.880799865723e+01 1.102112531662e+00
9.881190490723e+01 1.103560805321e+00
9.881581115723e+01 1.103997230530e+00
9.881971740723e+01 1.104048848152e+00
9.882362365723e+01 1.103916525841e+00
9.882752990723e+01 1.105668187141e+00
9.883143615723e+01 1.105556011200e+00
9.883534240723e+01 1.105982899666e+00
9.883924865723e+01 1.103735446930e+00
9.884315490723e+01 1.101928710938e+00
9.884706115723e+01 1.101660251617e+00
9.885096740723e+01 1.104514002800e+00
9.885487365723e+01 1.105837941170e+00
9.885877990723e+01 1.107245326042e+00
9.886268615723e+01 1.105790376663e+00
9.886659240723e+01 1.107711076736e+00
9.887049865723e+01 1.107146978378e+00
9.887440490723e+01 1.108597397804e+00
9.887831115723e+01 1.108950495720e+00
9.888221740723e+01 1.108316302299e+00
9.888612365723e+01 1.107994556427e+00
9.889002990723e+01 1.106897711754e+00
9.889393615723e+01 1.108688950539e+00
9.889784240723e+01 1.107221603394e+00
9.890174865723e+01 1.108109354973e+00
9.890565490723e+01 1.108469724655e+00
9.890956115723e+01 1.107956886292e+00
9.891345977783e+01 1.106676340103e+00
9.891736602783e+01 1.109039306641e+00
9.892127227783e+01 1.107724785805e+00
9.892517852783e+01 1.107315778732e+00
9.892908477783e+01 1.106783986092e+00
9.893299102783e+01 1.106342554092e+00
9.893689727783e+01 1.106672763824e+00
9.894080352783e+01 1.106667041779e+00
9.894470977783e+01 1.105690121651e+00
9.894861602783e+01 1.107209682465e+00
9.895252227783e+01 1.108660578728e+00
9.895642852783e+01 1.108283877373e+00
9.896033477783e+01 1.107070922852e+00
9.896424102783e+01 1.109062194824e+00
9.896814727783e+01 1.108426094055e+00
9.897205352783e+01 1.107118606567e+00
9.897595977783e+01 1.109913945198e+00
9.897986602783e+01 1.108304023743e+00
9.898377227783e+01 1.107365131378e+00
9.898767852783e+01 1.109408140182e+00
9.899158477783e+01 1.108693480492e+00
9.899549102783e+01 1.110513210297e+00
9.899939727783e+01 1.109530925751e+00
9.900330352783e+01 1.108260154724e+00
9.900720977783e+01 1.108161926270e+00
9.901111602783e+01 1.107779622078e+00
9.901502227783e+01 1.107536911964e+00
9.901892852783e+01 1.107069849968e+00
9.902283477783e+01 1.108903050423e+00
9.902674102783e+01 1.107159376144e+00
9.903064727783e+01 1.108554720879e+00
9.903455352783e+01 1.108500957489e+00
9.903845977783e+01 1.106629371643e+00
9.904236602783e+01 1.107435584068e+00
9.904627227783e+01 1.106479763985e+00
9.905017852783e+01 1.107021093369e+00
9.905408477783e+01 1.109061837196e+00
9.905799102783e+01 1.107945322990e+00
9.906189727783e+01 1.108938455582e+00
9.906579589844e+01 1.107845544815e+00
9.906970214844e+01 1.109075188637e+00
9.907360839844e+01 1.107225775719e+00
9.907751464844e+01 1.109275221825e+00
9.908142089844e+01 1.107818484306e+00
9.908532714844e+01 1.107850313187e+00
9.908923339844e+01 1.106859445572e+00
9.909313964844e+01 1.107908844948e+00
9.909704589844e+01 1.107812881470e+00
9.910095214844e+01 1.108824372292e+00
9.910485839844e+01 1.108235120773e+00
9.910876464844e+01 1.106775403023e+00
9.911267089844e+01 1.107514142990e+00
9.911657714844e+01 1.108219027519e+00
9.912048339844e+01 1.108422160149e+00
9.912438964844e+01 1.107734918594e+00
9.912829589844e+01 1.108703732491e+00
9.913220214844e+01 1.108820080757e+00
9.913610839844e+01 1.106880068779e+00
9.914001464844e+01 1.107753157616e+00
9.914392089844e+01 1.108384013176e+00
9.914782714844e+01 1.107562184334e+00
9.915173339844e+01 1.106618165970e+00
9.915563964844e+01 1.105335235596e+00
9.915954589844e+01 1.108543276787e+00
9.916345214844e+01 1.108975529671e+00
9.916735839844e+01 1.106606602669e+00
9.917126464844e+01 1.108166456223e+00
9.917517089844e+01 1.108749389648e+00
9.917907714844e+01 1.107550263405e+00
9.918298339844e+01 1.107471227646e+00
9.918688964844e+01 1.107014536858e+00
9.919079589844e+01 1.107421875000e+00
9.919470214844e+01 1.107380270958e+00
9.919860839844e+01 1.105562806129e+00
9.920251464844e+01 1.107149124146e+00
9.920642089844e+01 1.106823563576e+00
9.921032714844e+01 1.107611298561e+00
9.921423339844e+01 1.107521533966e+00
9.921813964844e+01 1.106415033340e+00
9.922203826904e+01 1.106858968735e+00
9.922594451904e+01 1.106512188911e+00
9.922985076904e+01 1.107320547104e+00
9.923375701904e+01 1.106461167336e+00
9.923766326904e+01 1.105904340744e+00
9.924156951904e+01 1.105635762215e+00
9.924547576904e+01 1.105564594269e+00
9.924938201904e+01 1.105020046234e+00
9.925328826904e+01 1.107930541039e+00
9.925719451904e+01 1.108457803726e+00
9.926110076904e+01 1.108876705170e+00
9.926500701904e+01 1.108558893204e+00
9.926891326904e+01 1.106859803200e+00
9.927281951904e+01 1.107827425003e+00
9.927672576904e+01 1.109324693680e+00
9.928063201904e+01 1.107795953751e+00
9.928453826904e+01 1.107035636902e+00
9.928844451904e+01 1.107505440712e+00
9.929235076904e+01 1.108278870583e+00
9.929625701904e+01 1.108434915543e+00
9.930016326904e+01 1.107059478760e+00
9.930406951904e+01 1.107657194138e+00
9.930797576904e+01 1.108926534653e+00
9.931188201904e+01 1.105913043022e+00
9.931578826904e+01 1.107227444649e+00
9.931969451904e+01 1.108838677406e+00
9.932360076904e+01 1.107674360275e+00
9.932750701904e+01 1.109575986862e+00
9.933141326904e+01 1.107618570328e+00
9.933531951904e+01 1.106016516685e+00
9.933922576904e+01 1.106125235558e+00
9.934313201904e+01 1.107934355736e+00
9.934703826904e+01 1.104985594749e+00
9.935094451904e+01 1.105470061302e+00
9.935485076904e+01 1.107560396194e+00
9.935875701904e+01 1.107176065445e+00
9.936266326904e+01 1.107997059822e+00
9.936656951904e+01 1.108116149902e+00
9.937047576904e+01 1.107244729996e+00
9.937437438965e+01 1.107745885849e+00
9.937828063965e+01 1.106198549271e+00
9.938218688965e+01 1.105238080025e+00
9.938609313965e+01 1.105736136436e+00
9.938999938965e+01 1.105316996574e+00
9.939390563965e+01 1.106529116631e+00
9.939781188965e+01 1.106899619102e+00
9.940171813965e+01 1.106616377831e+00
9.940562438965e+01 1.107879996300e+00
9.940953063965e+01 1.105712532997e+00
9.941343688965e+01 1.107718944550e+00
9.941734313965e+01 1.108171105385e+00
9.942124938965e+01 1.106301069260e+00
9.942515563965e+01 1.106416940689e+00
9.942906188965e+01 1.108237624168e+00
9.943296813965e+01 1.108009696007e+00
9.943687438965e+01 1.105931997299e+00
9.944078063965e+01 1.106121063232e+00
9.944468688965e+01 1.107830286026e+00
9.944859313965e+01 1.107220768929e+00
9.945249938965e+01 1.107221961021e+00
9.945640563965e+01 1.107848882675e+00
9.946031188965e+01 1.107727766037e+00
9.946421813965e+01 1.106744885445e+00
9.946812438965e+01 1.103698492050e+00
9.947203063965e+01 1.103215694427e+00
9.947593688965e+01 1.100247144699e+00
9.947984313965e+01 1.101597666740e+00
9.948374938965e+01 1.102869272232e+00
9.948765563965e+01 1.102998018265e+00
9.949156188965e+01 1.105557560921e+00
9.949546813965e+01 1.106327414513e+00
9.949937438965e+01 1.105316877365e+00
9.950328063965e+01 1.105544447899e+00
9.950718688965e+01 1.105906367302e+00
9.951109313965e+01 1.103664040565e+00
9.951499938965e+01 1.104901552200e+00
9.951890563965e+01 1.106140732765e+00
9.952281188965e+01 1.106601834297e+00
9.952671051025e+01 1.107051730156e+00
9.953061676025e+01 1.106679439545e+00
9.953452301025e+01 1.106431841850e+00
9.953842926025e+01 1.107475638390e+00
9.954233551025e+01 1.105450034142e+00
9.954624176025e+01 1.107850670815e+00
9.955014801025e+01 1.106724143028e+00
9.955405426025e+01 1.107634663582e+00
9.955796051025e+01 1.106154918671e+00
9.956186676025e+01 1.106501817703e+00
9.956577301025e+01 1.106282114983e+00
9.956967926025e+01 1.105250239372e+00
9.957358551025e+01 1.105279922485e+00
9.957749176025e+01 1.105106592178e+00
9.958139801025e+01 1.105734467506e+00
9.958530426025e+01 1.106590986252e+00
9.958921051025e+01 1.107575058937e+00
9.959311676025e+01 1.108631134033e+00
9.959702301025e+01 1.106868863106e+00
9.960092926025e+01 1.106204509735e+00
9.960483551025e+01 1.106891751289e+00
9.960874176025e+01 1.108618736267e+00
9.961264801025e+01 1.108402013779e+00
9.961655426025e+01 1.108505487442e+00
9.962046051025e+01 1.110141158104e+00
9.962436676025e+01 1.108166813850e+00
9.962827301025e+01 1.106364607811e+00
9.963217926025e+01 1.106303691864e+00
9.963608551025e+01 1.105566501617e+00
9.963999176025e+01 1.106119871140e+00
9.964389801025e+01 1.105669617653e+00
9.964780426025e+01 1.107567906380e+00
9.965171051025e+01 1.108079671860e+00
9.965561676025e+01 1.109377503395e+00
9.965952301025e+01 1.110838770866e+00
9.966342926025e+01 1.108613491058e+00
9.966733551025e+01 1.110393643379e+00
9.967124176025e+01 1.108841180801e+00
9.967514801025e+01 1.107618927956e+00
9.967904663086e+01 1.107518553734e+00
9.968295288086e+01 1.107647538185e+00
9.968685913086e+01 1.107923507690e+00
9.969076538086e+01 1.106957912445e+00
9.969467163086e+01 1.106731891632e+00
9.969857788086e+01 1.107005953789e+00
9.970248413086e+01 1.107762336731e+00
9.970639038086e+01 1.106463074684e+00
9.971029663086e+01 1.105823159218e+00
9.971420288086e+01 1.105703115463e+00
9.971810913086e+01 1.106892466545e+00
9.972201538086e+01 1.105767369270e+00
9.972592163086e+01 1.106970548630e+00
9.972982788086e+01 1.106800079346e+00
9.973373413086e+01 1.106715202332e+00
9.973764038086e+01 1.106829762459e+00
9.974154663086e+01 1.108628511429e+00
9.974545288086e+01 1.105690717697e+00
9.974935913086e+01 1.106646060944e+00
9.975326538086e+01 1.108413338661e+00
9.975717163086e+01 1.105033993721e+00
9.976107788086e+01 1.104892611504e+00
9.976498413086e+01 1.105610489845e+00
9.976889038086e+01 1.106328606606e+00
9.977279663086e+01 1.106875181198e+00
9.977670288086e+01 1.106447696686e+00
9.978060913086e+01 1.108769774437e+00
9.978451538086e+01 1.108079433441e+00
9.978842163086e+01 1.108583807945e+00
9.979232788086e+01 1.107811450958e+00
9.979623413086e+01 1.109331130981e+00
9.980014038086e+01 1.106102347374e+00
9.980404663086e+01 1.105606436729e+00
9.980795288086e+01 1.105999827385e+00
9.981185913086e+01 1.107579946518e+00
9.981576538086e+01 1.107328176498e+00
9.981967163086e+01 1.106863260269e+00
9.982357788086e+01 1.107125163078e+00
9.982748413086e+01 1.106218814850e+00
9.983138275146e+01 1.106636285782e+00
9.983528900146e+01 1.107503414154e+00
9.983919525146e+01 1.108585238457e+00
9.984310150146e+01 1.108818411827e+00
9.984700775146e+01 1.108041524887e+00
9.985091400146e+01 1.106605768204e+00
9.985482025146e+01 1.108680725098e+00
9.985872650146e+01 1.107275843620e+00
9.986263275146e+01 1.107733845711e+00
9.986653900146e+01 1.107541680336e+00
9.987044525146e+01 1.108663678169e+00
9.987435150146e+01 1.107112169266e+00
9.987825775146e+01 1.109399676323e+00
9.988216400146e+01 1.107478022575e+00
9.988607025146e+01 1.107894659042e+00
9.988997650146e+01 1.107608556747e+00
9.989388275146e+01 1.107681632042e+00
9.989778900146e+01 1.107735991478e+00
9.990169525146e+01 1.107468724251e+00
9.990560150146e+01 1.106750130653e+00
9.990950775146e+01 1.105854392052e+00
9.991341400146e+01 1.105880498886e+00
9.991732025146e+01 1.107244491577e+00
9.992122650146e+01 1.106955647469e+00
9.992513275146e+01 1.106647133827e+00
9.992903900146e+01 1.109454274178e+00
9.993294525146e+01 1.107207298279e+00
9.993685150146e+01 1.107091665268e+00
9.994075775146e+01 1.106597185135e+00
9.994466400146e+01 1.105103611946e+00
9.994857025146e+01 1.106806039810e+00
9.995247650146e+01 1.107137084007e+00
9.995638275146e+01 1.108270645142e+00
9.996028900146e+01 1.106943726540e+00
9.996419525146e+01 1.105589747429e+00
9.996810150146e+01 1.106382131577e+00
9.997200775146e+01 1.105947256088e+00
9.997591400146e+01 1.106494784355e+00
9.997982025146e+01 1.108655095100e+00
9.998371887207e+01 1.107932806015e+00
9.998762512207e+01 1.105564713478e+00
9.999153137207e+01 1.105109214783e+00
9.999543762207e+01 1.104234695435e+00
9.999934387207e+01 1.106404662132e+00
1.000032501221e+02 1.107525944710e+00
1.000071563721e+02 1.108430266380e+00
1.000110626221e+02 1.107402563095e+00
1.000149688721e+02 1.106832146645e+00
1.000188751221e+02 1.108250617981e+00
1.000227813721e+02 1.106316566467e+00
1.000266876221e+02 1.108284115791e+00
1.000305938721e+02 1.107835412025e+00
1.000345001221e+02 1.104681253433e+00
1.000384063721e+02 1.106787323952e+00
1.000423126221e+02 1.105240464211e+00
1.000462188721e+02 1.104087948799e+00
1.000501251221e+02 1.105379343033e+00
1.000540313721e+02 1.105481266975e+00
1.000579376221e+02 1.106326103210e+00
1.000618438721e+02 1.105597615242e+00
1.000657501221e+02 1.104906082153e+00
1.000696563721e+02 1.105132699013e+00
1.000735626221e+02 1.106111764908e+00
1.000774688721e+02 1.107194900513e+00
1.000813751221e+02 1.106007933617e+00
1.000852813721e+02 1.107571482658e+00
1.000891876221e+02 1.107162237167e+00
1.000930938721e+02 1.106817603111e+00
1.000970001221e+02 1.108600854874e+00
1.001009063721e+02 1.105005264282e+00
1.001048126221e+02 1.107366085052e+00
1.001087188721e+02 1.105197548866e+00
1.001126251221e+02 1.106189250946e+00
1.001165313721e+02 1.105118393898e+00
1.001204376221e+02 1.106186747551e+00
1.001243438721e+02 1.106761574745e+00
1.001282501221e+02 1.105769157410e+00
1.001321563721e+02 1.105805993080e+00
1.001360626221e+02 1.102710604668e+00
1.001399612427e+02 1.103215575218e+00
1.001438674927e+02 1.105342149734e+00
1.001477737427e+02 1.106105566025e+00
1.001516799927e+02 1.104520678520e+00
1.001555862427e+02 1.105954527855e+00
1.001594924927e+02 1.104127049446e+00
1.001633987427e+02 1.105088591576e+00
1.001673049927e+02 1.104498744011e+00
1.001712112427e+02 1.105195403099e+00
1.001751174927e+02 1.105401277542e+00
1.001790237427e+02 1.107269287109e+00
1.001829299927e+02 1.107853174210e+00
1.001868362427e+02 1.106223464012e+00
1.001907424927e+02 1.106681823730e+00
1.001946487427e+02 1.106553077698e+00
1.001985549927e+02 1.105893254280e+00
1.002024612427e+02 1.105047345161e+00
1.002063674927e+02 1.105032205582e+00
1.002102737427e+02 1.105388641357e+00
1.002141799927e+02 1.106211662292e+00
1.002180862427e+02 1.105987429619e+00
1.002219924927e+02 1.106081128120e+00
1.002258987427e+02 1.104957699776e+00
1.002298049927e+02 1.106766462326e+00
1.002337112427e+02 1.106601953506e+00
1.002376174927e+02 1.104923129082e+00
1.002415237427e+02 1.104896306992e+00
1.002454299927e+02 1.105225443840e+00
1.002493362427e+02 1.104726076126e+00
1.002532424927e+02 1.105153560638e+00
1.002571487427e+02 1.107761383057e+00
1.002610549927e+02 1.106488704681e+00
1.002649612427e+02 1.108203172684e+00
1.002688674927e+02 1.105270028114e+00
1.002727737427e+02 1.105508327484e+00
1.002766799927e+02 1.106099247932e+00
1.002805862427e+02 1.106269717216e+00
1.002844924927e+02 1.106927037239e+00
1.002883987427e+02 1.105916142464e+00
1.002922973633e+02 1.105025291443e+00
1.002962036133e+02 1.104728579521e+00
1.003001098633e+02 1.106106996536e+00
1.003040161133e+02 1.105250477791e+00
1.003079223633e+02 1.103931069374e+00
1.003118286133e+02 1.107753396034e+00
1.003157348633e+02 1.106848955154e+00
1.003196411133e+02 1.104935526848e+00
1.003235473633e+02 1.106477975845e+00
1.003274536133e+02 1.103521704674e+00
1.003313598633e+02 1.106427669525e+00
1.003352661133e+02 1.106175780296e+00
1.003391723633e+02 1.106089830399e+00
1.003430786133e+02 1.104194760323e+00
1.003469848633e+02 1.104847788811e+00
1.003508911133e+02 1.106075763702e+00
1.003547973633e+02 1.105624437332e+00
1.003587036133e+02 1.105476021767e+00
1.003626098633e+02 1.106025695801e+00
1.003665161133e+02 1.103885173798e+00
1.003704223633e+02 1.103819608688e+00
1.003743286133e+02 1.105775356293e+00
1.003782348633e+02 1.105654358864e+00
1.003821411133e+02 1.107601523399e+00
1.003860473633e+02 1.107277631760e+00
1.003899536133e+02 1.105144500732e+00
1.003938598633e+02 1.105823040009e+00
1.003977661133e+02 1.105324745178e+00
1.004016723633e+02 1.104618668556e+00
1.004055786133e+02 1.105836153030e+00
1.004094848633e+02 1.105897188187e+00
1.004133911133e+02 1.107284426689e+00
1.004172973633e+02 1.106883287430e+00
1.004212036133e+02 1.108701467514e+00
1.004251098633e+02 1.110469579697e+00
1.004290161133e+02 1.108192205429e+00
1.004329223633e+02 1.108007550240e+00
1.004368286133e+02 1.108191967010e+00
1.004407348633e+02 1.111422777176e+00
1.004446334839e+02 1.106675744057e+00
1.004485397339e+02 1.102507591248e+00
