#title: Spectral profile - NGC_1052_SPW0.image-raster
#region (world): Point[[02:41:04.798, -08d15m20.753]]
#region (pixel): Point[[128, 127]]
#coordinate: world
#xLabel: radio velocity [km/s]
#yLabel: [Jy/beam] Mean

# NGC_1052_SPW0.image-raster
#-5.083078613281e+02 1.187297344208e+00
#-4.950958557129e+02 1.191887021065e+00
#-4.818838195801e+02 1.190800666809e+00
#-4.686718139648e+02 1.193626165390e+00
#-4.554597778320e+02 1.200719237328e+00
#-4.422477722168e+02 1.201330304146e+00
#-4.290357360840e+02 1.202325582504e+00
-4.158236999512e+02 1.199099063873e+00
-4.026116943359e+02 1.196839451790e+00
-3.893996582031e+02 1.193991661072e+00
-3.761876525879e+02 1.191740751266e+00
-3.629756164551e+02 1.192075967789e+00
-3.497636108398e+02 1.193046331406e+00
-3.365515747070e+02 1.191956400871e+00
-3.233395690918e+02 1.193039774895e+00
-3.101275329590e+02 1.191579222679e+00
-2.969155273438e+02 1.187072396278e+00
-2.837034912109e+02 1.185579776764e+00
-2.704914855957e+02 1.186547279358e+00
-2.572794494629e+02 1.184819579124e+00
-2.440674285889e+02 1.184128165245e+00
-2.308554077148e+02 1.182425379753e+00
-2.176433868408e+02 1.182912588120e+00
-2.044313659668e+02 1.183381319046e+00
-1.912193450928e+02 1.185865163803e+00
-1.780073242188e+02 1.191730499268e+00
-1.647953033447e+02 1.192181468010e+00
-1.515832824707e+02 1.192580342293e+00
-1.383712615967e+02 1.194194912910e+00
-1.251592407227e+02 1.195065498352e+00
-1.119472198486e+02 1.197375297546e+00
-9.873519897461e+01 1.197715997696e+00
-8.552317810059e+01 1.196017146111e+00
-7.231114959717e+01 1.195452451706e+00
-5.909913253784e+01 1.197195768356e+00
-4.588710784912e+01 1.198433637619e+00
-3.267508697510e+01 1.196018934250e+00
-1.946306610107e+01 1.194762587547e+00
-6.251044750214e+00 1.195554018021e+00
6.960976600647e+00 1.195428013802e+00
2.017299842834e+01 1.199188351631e+00
3.338502120972e+01 1.198980093002e+00
4.659704208374e+01 1.198300242424e+00
5.980906295776e+01 1.198394060135e+00
7.302108764648e+01 1.199478149414e+00
8.623310852051e+01 1.197757601738e+00
9.944512939453e+01 1.197366595268e+00
1.126571502686e+02 1.199078202248e+00
1.258691711426e+02 1.197752714157e+00
1.390811920166e+02 1.197843909264e+00
1.522932128906e+02 1.198871135712e+00
1.655052337646e+02 1.198931813240e+00
1.787172546387e+02 1.197464108467e+00
1.919292755127e+02 1.197735428810e+00
2.051412963867e+02 1.196395158768e+00
2.183533172607e+02 1.194538593292e+00
2.315653381348e+02 1.196295976639e+00
2.447773590088e+02 1.197407364845e+00
2.579893798828e+02 1.197290539742e+00
2.712014160156e+02 1.199246406555e+00
2.844134216309e+02 1.198410511017e+00
2.976254577637e+02 1.197990536690e+00
3.108374633789e+02 1.197980642319e+00
3.240494995117e+02 1.197950363159e+00
3.372615051270e+02 1.197120189667e+00
3.504735412598e+02 1.198059797287e+00
3.636855468750e+02 1.198812723160e+00
3.768975830078e+02 1.197926878929e+00
3.901095886230e+02 1.197537064552e+00
4.033216247559e+02 1.197016596794e+00
4.165336608887e+02 1.196939110756e+00
4.297456665039e+02 1.197276473045e+00
4.429577026367e+02 1.197427988052e+00
4.561697082520e+02 1.198631763458e+00
4.693817443848e+02 1.199515342712e+00
4.825937500000e+02 1.198078036308e+00
4.958057861328e+02 1.198166370392e+00
5.090177917480e+02 1.196139931679e+00
5.222297973633e+02 1.197391867638e+00
5.354418334961e+02 1.197027325630e+00
5.486538696289e+02 1.196868896484e+00
5.618659057617e+02 1.197051644325e+00
5.750778808594e+02 1.197210788727e+00
5.882899169922e+02 1.199520230293e+00
6.015019531250e+02 1.198981761932e+00
6.147139892578e+02 1.197548031807e+00
6.279259643555e+02 1.196876764297e+00
6.411380004883e+02 1.196673154831e+00
6.543500366211e+02 1.195505738258e+00
6.675620727539e+02 1.196144223213e+00
6.807740478516e+02 1.198125362396e+00
6.939860839844e+02 1.198827862740e+00
7.071981201172e+02 1.197746157646e+00
7.204101562500e+02 1.198172926903e+00
7.336221923828e+02 1.195991396904e+00
7.468341674805e+02 1.195975542068e+00
7.600462036133e+02 1.195620894432e+00
7.732582397461e+02 1.198192596436e+00
7.864702758789e+02 1.197953820229e+00
7.996822509766e+02 1.197355031967e+00
8.128942871094e+02 1.199231266975e+00
8.261063232422e+02 1.198616266251e+00
8.393183593750e+02 1.198677778244e+00
8.525303344727e+02 1.198306798935e+00
8.657423706055e+02 1.197222948074e+00
8.789544067383e+02 1.195196986198e+00
8.921664428711e+02 1.194331765175e+00
9.053784179688e+02 1.195256590843e+00
9.185904541016e+02 1.198177576065e+00
9.318024902344e+02 1.199856162071e+00
9.450145263672e+02 1.199958801270e+00
9.582265014648e+02 1.197581529617e+00
9.714385375977e+02 1.198035597801e+00
9.846505737305e+02 1.195608258247e+00
9.978626098633e+02 1.196702837944e+00
1.011074645996e+03 1.196578741074e+00
1.024286621094e+03 1.197987198830e+00
1.037498657227e+03 1.198210835457e+00
1.050710693359e+03 1.199445843697e+00
1.063922729492e+03 1.199699401855e+00
1.077134765625e+03 1.198694109917e+00
1.090346801758e+03 1.196627378464e+00
1.103558715820e+03 1.196106553078e+00
1.116770751953e+03 1.195975065231e+00
1.129982788086e+03 1.197083711624e+00
1.143194824219e+03 1.197491884232e+00
1.156406860352e+03 1.197201251984e+00
1.169618896484e+03 1.199137330055e+00
1.182830932617e+03 1.197031378746e+00
1.196042968750e+03 1.196697354317e+00
1.209254882812e+03 1.195912241936e+00
1.222466918945e+03 1.195375442505e+00
1.235678955078e+03 1.196348071098e+00
1.248890991211e+03 1.196222662926e+00
1.262103027344e+03 1.196998238564e+00
1.275315063477e+03 1.197661399841e+00
1.288527099609e+03 1.196371674538e+00
1.301739135742e+03 1.194838404655e+00
1.314951171875e+03 1.194045543671e+00
1.328163085938e+03 1.193771719933e+00
1.341375122070e+03 1.192656993866e+00
1.354587158203e+03 1.189935326576e+00
1.367799194336e+03 1.188864231110e+00
1.381011230469e+03 1.187175512314e+00
1.394223266602e+03 1.189963340759e+00
1.407435302734e+03 1.190956950188e+00
1.420647338867e+03 1.190749883652e+00
1.433859252930e+03 1.188355803490e+00
1.447071289062e+03 1.185892343521e+00
1.460283325195e+03 1.184443593025e+00
1.473495361328e+03 1.184281468391e+00
1.486707397461e+03 1.186503887177e+00
1.499919433594e+03 1.183560490608e+00
1.513131469727e+03 1.185104250908e+00
1.526343505859e+03 1.184994935989e+00
1.539555541992e+03 1.182704210281e+00
1.552767456055e+03 1.180827140808e+00
1.565979492188e+03 1.177377581596e+00
1.579191528320e+03 1.169167160988e+00
1.592403564453e+03 1.171663403511e+00
1.605615600586e+03 1.174962282181e+00
1.618827636719e+03 1.177434682846e+00
1.632039672852e+03 1.174012064934e+00
1.645251708984e+03 1.170071125031e+00
1.658463623047e+03 1.166084766388e+00
1.671675659180e+03 1.166186213493e+00
1.684887695312e+03 1.174443006516e+00
1.698099731445e+03 1.183152198792e+00
1.711311767578e+03 1.191554069519e+00
1.724523803711e+03 1.195176124573e+00
1.737735839844e+03 1.197532892227e+00
1.750947875977e+03 1.198644757271e+00
1.764159790039e+03 1.197125196457e+00
1.777371826172e+03 1.196914434433e+00
1.790583862305e+03 1.195760488510e+00
1.803795898438e+03 1.196689248085e+00
1.817007934570e+03 1.197559952736e+00
1.830219970703e+03 1.198442935944e+00
1.843432006836e+03 1.197754740715e+00
1.856644042969e+03 1.197023749352e+00
1.869856079102e+03 1.197053551674e+00
1.883067993164e+03 1.196277260780e+00
1.896280029297e+03 1.198132991791e+00
1.909492065430e+03 1.197802662849e+00
1.922704101562e+03 1.197544336319e+00
1.935916137695e+03 1.197298288345e+00
1.949128173828e+03 1.198239803314e+00
1.962340209961e+03 1.197622537613e+00
1.975552246094e+03 1.198039650917e+00
1.988764160156e+03 1.197039127350e+00
2.001976196289e+03 1.196721911430e+00
2.015188232422e+03 1.195210576057e+00
2.028400268555e+03 1.196322441101e+00
2.041612304688e+03 1.195648550987e+00
2.054824218750e+03 1.197769284248e+00
2.068036376953e+03 1.198224782944e+00
2.081248291016e+03 1.198070049286e+00
2.094460449219e+03 1.197602868080e+00
2.107672363281e+03 1.196569681168e+00
2.120884521484e+03 1.196322798729e+00
2.134096435547e+03 1.195987105370e+00
2.147308593750e+03 1.198373556137e+00
2.160520507812e+03 1.198361873627e+00
2.173732421875e+03 1.197863101959e+00
2.186944580078e+03 1.197989702225e+00
2.200156494141e+03 1.198851704597e+00
2.213368652344e+03 1.198964357376e+00
2.226580566406e+03 1.198251843452e+00
2.239792724609e+03 1.197361350060e+00
2.253004638672e+03 1.196609258652e+00
2.266216552734e+03 1.197689414024e+00
2.279428710938e+03 1.196113944054e+00
2.292640625000e+03 1.196682095528e+00
2.305852783203e+03 1.196976304054e+00
2.319064697266e+03 1.197750329971e+00
2.332276855469e+03 1.197135329247e+00
2.345488769531e+03 1.195120811462e+00
2.358700927734e+03 1.197134375572e+00
2.371912841797e+03 1.197314023972e+00
2.385124755859e+03 1.198998451233e+00
2.398336914062e+03 1.199089884758e+00
2.411548828125e+03 1.198976397514e+00
2.424760986328e+03 1.197350502014e+00
2.437972900391e+03 1.197434067726e+00
2.451185058594e+03 1.196392178535e+00
2.464396972656e+03 1.198271393776e+00
2.477609130859e+03 1.198632359505e+00
2.490821044922e+03 1.199873447418e+00
2.504032958984e+03 1.197696924210e+00
2.517245117188e+03 1.197718381882e+00
2.530457031250e+03 1.198629379272e+00
2.543669189453e+03 1.196624517441e+00
2.556881103516e+03 1.196281433105e+00
2.570093261719e+03 1.195738196373e+00
2.583305175781e+03 1.196853041649e+00
2.596517089844e+03 1.197601675987e+00
2.609729248047e+03 1.198871493340e+00
2.622941162109e+03 1.199948430061e+00
2.636153320312e+03 1.199780821800e+00
2.649365234375e+03 1.197430610657e+00
2.662577392578e+03 1.197691798210e+00
2.675789306641e+03 1.196924209595e+00
2.689001464844e+03 1.197000145912e+00
2.702213378906e+03 1.197908043861e+00
2.715425292969e+03 1.198788404465e+00
2.728637451172e+03 1.200194001198e+00
2.741849365234e+03 1.200391054153e+00
2.755061523438e+03 1.197641968727e+00
2.768273437500e+03 1.198043227196e+00
2.781485595703e+03 1.198263287544e+00
2.794697509766e+03 1.198956370354e+00
2.807909667969e+03 1.199261188507e+00
2.821121582031e+03 1.197298407555e+00
2.834333496094e+03 1.198467969894e+00
2.847545654297e+03 1.198641300201e+00
2.860757568359e+03 1.199175477028e+00
2.873969726562e+03 1.199702739716e+00
2.887181640625e+03 1.199664711952e+00
2.900393798828e+03 1.197084069252e+00
2.913605712891e+03 1.197208166122e+00
2.926817626953e+03 1.196746349335e+00
2.940029785156e+03 1.199192881584e+00
2.953241699219e+03 1.200502276421e+00
2.966453857422e+03 1.199159383774e+00
2.979665771484e+03 1.198058605194e+00
2.992877929688e+03 1.197500109673e+00
3.006089843750e+03 1.196982860565e+00
3.019302001953e+03 1.199562072754e+00
3.032513916016e+03 1.198551297188e+00
3.045725830078e+03 1.199445486069e+00
3.058937988281e+03 1.199111700058e+00
3.072149902344e+03 1.200061440468e+00
3.085362060547e+03 1.199521899223e+00
3.098573974609e+03 1.200379848480e+00
3.111786132812e+03 1.200633406639e+00
3.124998046875e+03 1.198938488960e+00
3.138210205078e+03 1.199628829956e+00
3.151422119141e+03 1.199668407440e+00
3.164634033203e+03 1.200915575027e+00
3.177846191406e+03 1.200841188431e+00
3.191058105469e+03 1.200674414635e+00
3.204270263672e+03 1.200126886368e+00
3.217482177734e+03 1.197988271713e+00
3.230694335938e+03 1.198165297508e+00
3.243906250000e+03 1.197347760201e+00
3.257118408203e+03 1.197794198990e+00
3.270330322266e+03 1.198616385460e+00
3.283542236328e+03 1.199091672897e+00
3.296754394531e+03 1.200340390205e+00
3.309966308594e+03 1.199677944183e+00
3.323178466797e+03 1.199115037918e+00
3.336390380859e+03 1.199209213257e+00
3.349602539062e+03 1.198815703392e+00
3.362814453125e+03 1.198000073433e+00
3.376026367188e+03 1.199187159538e+00
3.389238525391e+03 1.199299454689e+00
3.402450439453e+03 1.198308110237e+00
3.415662597656e+03 1.197262406349e+00
3.428874511719e+03 1.198261022568e+00
3.442086669922e+03 1.198756456375e+00
3.455298583984e+03 1.196720957756e+00
3.468510742188e+03 1.196001529694e+00
3.481722656250e+03 1.196872591972e+00
3.494934570312e+03 1.198757410049e+00
3.508146728516e+03 1.198157906532e+00
3.521358642578e+03 1.197381496429e+00
3.534570800781e+03 1.199523091316e+00
3.547782714844e+03 1.197748184204e+00
3.560994873047e+03 1.198329329491e+00
3.574206787109e+03 1.199254155159e+00
3.587418945312e+03 1.198173284531e+00
3.600630859375e+03 1.197365045547e+00
3.613842773438e+03 1.198278665543e+00
3.627054931641e+03 1.199190497398e+00
3.640266845703e+03 1.198090791702e+00
3.653479003906e+03 1.199349284172e+00
3.666690917969e+03 1.198655366898e+00
3.679903076172e+03 1.197173476219e+00
3.693114990234e+03 1.195215225220e+00
3.706326904297e+03 1.196866035461e+00
3.719539062500e+03 1.197337985039e+00
3.732750976562e+03 1.199520945549e+00
3.745963134766e+03 1.198283314705e+00
3.759175048828e+03 1.197875618935e+00
3.772387207031e+03 1.199377059937e+00
3.785599121094e+03 1.197711825371e+00
3.798811279297e+03 1.196968913078e+00
3.812023193359e+03 1.197500348091e+00
3.825235107422e+03 1.198869347572e+00
3.838447265625e+03 1.198198318481e+00
3.851659179688e+03 1.198999285698e+00
3.864871337891e+03 1.198872089386e+00
3.878083251953e+03 1.197958350182e+00
3.891295410156e+03 1.196652650833e+00
3.904507324219e+03 1.198867917061e+00
3.917719482422e+03 1.197643637657e+00
3.930931396484e+03 1.196331381798e+00
3.944143310547e+03 1.198462843895e+00
3.957355468750e+03 1.196613192558e+00
3.970567382812e+03 1.198650956154e+00
3.983779541016e+03 1.198811411858e+00
3.996991455078e+03 1.197809696198e+00
4.010203613281e+03 1.197156786919e+00
4.023415527344e+03 1.196041584015e+00
4.036627441406e+03 1.194293260574e+00
4.049839599609e+03 1.195524096489e+00
4.063051513672e+03 1.196836590767e+00
4.076263671875e+03 1.197146534920e+00
4.089475585938e+03 1.197679638863e+00
4.102687500000e+03 1.198070526123e+00
4.115899902344e+03 1.197592735291e+00
4.129111816406e+03 1.197695136070e+00
4.142323730469e+03 1.196346521378e+00
4.155535644531e+03 1.195697426796e+00
4.168747558594e+03 1.197071313858e+00
4.181959960938e+03 1.196527004242e+00
4.195171875000e+03 1.196343779564e+00
4.208383789062e+03 1.196764945984e+00
4.221595703125e+03 1.197916269302e+00
4.234808105469e+03 1.198077201843e+00
4.248020019531e+03 1.197954773903e+00
4.261231933594e+03 1.197708487511e+00
4.274443847656e+03 1.198313832283e+00
4.287655761719e+03 1.199158310890e+00
4.300868164062e+03 1.199206829071e+00
4.314080078125e+03 1.200614333153e+00
4.327291992188e+03 1.199194788933e+00
4.340503906250e+03 1.197596907616e+00
4.353716308594e+03 1.196302175522e+00
4.366928222656e+03 1.195677280426e+00
4.380140136719e+03 1.196649432182e+00
4.393352050781e+03 1.196845650673e+00
4.406563964844e+03 1.196570992470e+00
4.419776367188e+03 1.196629285812e+00
4.432988281250e+03 1.196466088295e+00
4.446200195312e+03 1.197443962097e+00
4.459412109375e+03 1.196315169334e+00
4.472624511719e+03 1.196296334267e+00
4.485836425781e+03 1.195804357529e+00
4.499048339844e+03 1.196000814438e+00
4.512260253906e+03 1.198626756668e+00
4.525472167969e+03 1.198814749718e+00
4.538684570312e+03 1.199093818665e+00
4.551896484375e+03 1.197620987892e+00
4.565108398438e+03 1.197554230690e+00
4.578320312500e+03 1.198854684830e+00
4.591532226562e+03 1.197818398476e+00
4.604744628906e+03 1.196927189827e+00
4.617956542969e+03 1.198285222054e+00
4.631168457031e+03 1.198156595230e+00
4.644380371094e+03 1.199239134789e+00
4.657592773438e+03 1.196715235710e+00
4.670804687500e+03 1.196394681931e+00
4.684016601562e+03 1.197740793228e+00
4.697228515625e+03 1.196286916733e+00
4.710440429688e+03 1.197449684143e+00
4.723652832031e+03 1.196079850197e+00
4.736864746094e+03 1.196698904037e+00
4.750076660156e+03 1.196956872940e+00
4.763288574219e+03 1.197178006172e+00
4.776500976562e+03 1.199105501175e+00
4.789712890625e+03 1.198071360588e+00
4.802924804688e+03 1.198716402054e+00
4.816136718750e+03 1.197828888893e+00
4.829348632812e+03 1.198334336281e+00
4.842561035156e+03 1.197897076607e+00
4.855772949219e+03 1.196808099747e+00
4.868984863281e+03 1.198819279671e+00
4.882196777344e+03 1.200278162956e+00
4.895409179688e+03 1.200278401375e+00
4.908621093750e+03 1.198232650757e+00
4.921833007812e+03 1.197288393974e+00
4.935044921875e+03 1.197179675102e+00
4.948256835938e+03 1.198188543320e+00
4.961469238281e+03 1.199680328369e+00
4.974681152344e+03 1.199510455132e+00
4.987893066406e+03 1.198376178741e+00
5.001104980469e+03 1.198869824409e+00
5.014317382812e+03 1.198503375053e+00
5.027529296875e+03 1.197029829025e+00
5.040741210938e+03 1.197102785110e+00
5.053953125000e+03 1.195884227753e+00
5.067165039062e+03 1.197701454163e+00
5.080377441406e+03 1.196597337723e+00
5.093589355469e+03 1.197610974312e+00
5.106801269531e+03 1.197197079659e+00
5.120013183594e+03 1.197704792023e+00
5.133225585938e+03 1.196718096733e+00
5.146437500000e+03 1.197156310081e+00
5.159649414062e+03 1.197172403336e+00
5.172861328125e+03 1.196493744850e+00
5.186073242188e+03 1.195787072182e+00
5.199285644531e+03 1.196379661560e+00
5.212497558594e+03 1.197469115257e+00
5.225709472656e+03 1.198217153549e+00
5.238921386719e+03 1.197385191917e+00
5.252133789062e+03 1.197887420654e+00
5.265345703125e+03 1.196339845657e+00
5.278557617188e+03 1.197420120239e+00
5.291769531250e+03 1.196407556534e+00
5.304981445312e+03 1.196574687958e+00
5.318193847656e+03 1.196891307831e+00
5.331405761719e+03 1.196945428848e+00
5.344617675781e+03 1.197847008705e+00
5.357829589844e+03 1.197822213173e+00
5.371041503906e+03 1.196633696556e+00
5.384253906250e+03 1.196141839027e+00
5.397465820312e+03 1.196640968323e+00
5.410677734375e+03 1.196789145470e+00
5.423889648438e+03 1.197315573692e+00
5.437102050781e+03 1.198315024376e+00
5.450313964844e+03 1.197523236275e+00
5.463525878906e+03 1.197661757469e+00
5.476737792969e+03 1.197044610977e+00
5.489949707031e+03 1.195715665817e+00
5.503162109375e+03 1.195121169090e+00
5.516374023438e+03 1.197057485580e+00
5.529585937500e+03 1.198041081429e+00
5.542797851562e+03 1.197623372078e+00
5.556010253906e+03 1.197044610977e+00
5.569222167969e+03 1.196172237396e+00
5.582434082031e+03 1.196512341499e+00
5.595645996094e+03 1.196230411530e+00
5.608857910156e+03 1.196042776108e+00
5.622070312500e+03 1.198280930519e+00
5.635282226562e+03 1.196447849274e+00
5.648494140625e+03 1.196869611740e+00
5.661706054688e+03 1.198367357254e+00
5.674918457031e+03 1.198891520500e+00
5.688130371094e+03 1.197695255280e+00
5.701342285156e+03 1.197216749191e+00
5.714554199219e+03 1.198257327080e+00
5.727766113281e+03 1.197650432587e+00
5.740978515625e+03 1.199000954628e+00
#5.754190429688e+03 1.202851176262e+00
#5.767402343750e+03 1.203881978989e+00
#5.780614257812e+03 1.202959060669e+00
#5.793826660156e+03 1.191531181335e+00
